0.00197110
0.00372109
0.00389959
0.00477187
0.00399531
0.00411186
0.00375806
0.00376574
0.00372163
0.00378263
0.00372403
0.00449235
0.00416535
0.00368746
0.00375896
0.00415550
0.00376597
0.00366112
0.00366291
0.00490259
0.00370071
0.00365509
0.00400038
0.00370189
0.00370144
0.00399729
0.00369860
0.00365870
0.00371890
0.00387222
0.00367157
0.00401644
0.00406485
0.00372555
0.00370786
0.00367575
0.00371092
0.00371180
0.00414054
0.00391510
0.00368898
0.00376556
0.00381460
0.00378184
0.00365232
0.00371156
0.00410278
0.00373396
0.00377431
0.00386498
0.00370912
0.00371530
0.00375312
0.00384014
0.00367271
0.00382726
0.00401214
0.00373049
0.00371609
0.00367136
0.00382020
0.00370828
0.00406501
0.00425445
0.00372420
0.00373401
0.00406418
0.00372289
0.00371093
0.00370706
0.00399933
0.00366415
0.00000000
0.00000000
0.00000000
0.00000000
0.00225310
0.00456548
0.00436773
0.00432022
0.00454675
0.00437384
0.00429369
0.00443306
0.00438411
0.00428324
0.00448267
0.00438277
0.00432121
0.00444337
0.00441353
0.00435530
0.00444717
0.00442025
0.00428160
0.00440931
0.00440160
0.00427452
0.00426450
0.00466863
0.00428855
0.00425159
0.00519089
0.00429741
0.00442909
0.00431575
0.00421910
0.00429416
0.00434423
0.00425048
0.00426962
0.00471959
0.00426842
0.00422507
0.00427138
0.00420128
0.00425591
0.00426228
0.00442826
0.00446361
0.00446040
0.00434709
0.00435364
0.00443721
0.00432939
0.00440486
0.00530321
0.00437285
0.00424421
0.00458593
0.00430218
0.00431499
0.00467311
0.00427691
0.00431260
0.00455700
0.00425792
0.00432969
0.00450234
0.00424183
0.00435933
0.00442872
0.00429636
0.00435330
0.00445286
0.00434672
0.00438326
0.00443739
0.00457359
0.00440975
0.00434891
0.00428579
0.00434642
0.00429398
0.00428832
0.00429448
0.00424608
0.00424756
0.00427765
0.00421235
0.00424593
0.00426184
0.00420889
0.00423772
0.00429459
0.00421792
0.00423915
0.00421602
0.00425720
0.00423487
0.00426957
0.00421312
0.00420250
0.00421482
0.00420727
0.00419286
0.00423347
0.00421335
0.00419194
0.00425892
0.00425478
0.00419410
0.00427159
0.00432016
0.00419932
0.00427732
0.00425956
0.00419402
0.00427200
0.00422432
0.00419315
0.00421465
0.00425370
0.00420171
0.00426562
0.00426154
0.00423053
0.00421339
0.00433611
0.00427477
0.00425667
0.00427570
0.00431316
0.00423366
0.00429988
0.00430858
0.00423174
0.00430092
0.00424492
0.00420737
0.00425657
0.00420353
0.00422080
0.00425427
0.00423877
0.00421234
0.00425791
0.00419436
0.00422574
0.00454260
0.00458482
0.00430298
0.00430379
0.00453056
0.00425894
0.00435928
0.00442849
0.00428903
0.00433094
0.00444870
0.00432461
0.00429018
0.00466322
0.00429640
0.00446762
0.00469240
0.00432075
0.00436987
0.00477085
0.00433619
0.00426498
0.00456275
0.00432202
0.00426098
0.00454944
0.00432213
0.00424263
0.00444301
0.00430937
0.00428099
0.00450157
0.00432039
0.00428629
0.00442105
0.00433147
0.00427367
0.00432755
0.00440754
0.00431227
0.00427401
0.00438056
0.00428114
0.00423983
0.00480423
0.00427311
0.00422639
0.00439203
0.00428435
0.00424336
0.00442055
0.00425565
0.00423060
0.00456331
0.00430192
0.00441119
0.00467637
0.00430536
0.00445433
0.00449739
0.00426943
0.00460986
0.00453113
0.00429079
0.00454587
0.00449480
0.00432001
0.00461914
0.00449978
0.00434119
0.00462313
0.00456632
0.00431311
0.00431849
0.00474164
0.00430042
0.00428703
0.00476124
0.00431102
0.00448949
0.00486511
0.00430550
0.00457933
0.00474858
0.00430674
0.00451532
0.00479251
0.00429997
