0.00124369
0.00177939
0.00173981
0.00144560
0.00143087
0.00142599
0.00142046
0.00143794
0.00142206
0.00142219
0.00140548
0.00142938
0.00141333
0.00144635
0.00139921
0.00140034
0.00141660
0.00141229
0.00140038
0.00143016
0.00141781
0.00142312
0.00141908
0.00142572
0.00141603
0.00142028
0.00142663
0.00141862
0.00141931
0.00141925
0.00142458
0.00141995
0.00000000
0.00000000
0.00000000
0.00000000
0.00030164
0.00050273
0.00050834
0.00050677
0.00050751
0.00050596
0.00050485
0.00051190
0.00050213
0.00050685
0.00050717
0.00050954
0.00050871
0.00000000
0.00000000
0.00000000
0.00000000
0.00030625
0.00065653
0.00066359
0.00066616
0.00067091
0.00067164
0.00065950
0.00066375
0.00065904
0.00065581
0.00067188
0.00066512
0.00066244
0.00066034
0.00066094
0.00066100
0.00065923
0.00067006
0.00066289
0.00066149
0.00065855
0.00065683
0.00065752
0.00065896
0.00066812
0.00066004
0.00066026
0.00065979
0.00066338
0.00066055
0.00066109
0.00066646
0.00065950
0.00065909
0.00065611
0.00067434
0.00066287
0.00066169
0.00067015
0.00066284
0.00066514
0.00066415
0.00066497
0.00067283
0.00066501
0.00067074
0.00066518
0.00068740
0.00066525
0.00065986
0.00066897
0.00066102
0.00066028
0.00066203
0.00066197
0.00066153
0.00066419
0.00067320
0.00065928
0.00066425
0.00000000
0.00000000
0.00000000
0.00000000
0.00111563
0.00243525
0.00243377
0.00243320
0.00243086
0.00243355
0.00242910
0.00242848
0.00242831
0.00242849
0.00243492
0.00243143
0.00242959
0.00242925
0.00243551
0.00244277
0.00246047
0.00244163
0.00245942
0.00244818
0.00243635
0.00243697
0.00243770
0.00244457
0.00243721
0.00244215
0.00000000
0.00000000
0.00000000
0.00000000
0.00110789
0.00243859
0.00243544
0.00243261
0.00243542
0.00243489
0.00243261
0.00243042
0.00243591
0.00243898
0.00243823
0.00243159
0.00243526
0.00245935
0.00251002
0.00246155
0.00243740
0.00243582
0.00246732
0.00246372
0.00244144
0.00244394
0.00243863
0.00243042
0.00243749
0.00246100
0.00244015
0.00244806
0.00244167
0.00244926
0.00243741
0.00244952
0.00243937
0.00244459
0.00243838
0.00244442
0.00243761
0.00244132
0.00244124
0.00244534
0.00248416
0.00244832
0.00243895
0.00244699
0.00245014
0.00248656
0.00000000
0.00000000
0.00000000
0.00000000
0.00053767
0.00113256
0.00111498
0.00112340
0.00112535
0.00111913
0.00114449
0.00114181
0.00110631
0.00113084
0.00113250
0.00111963
0.00111722
0.00112612
0.00111388
0.00111607
0.00113035
0.00112292
0.00111923
0.00113143
0.00000000
0.00000000
0.00000000
0.00000000
0.00041396
0.00095780
0.00095444
0.00095245
0.00096125
0.00094979
0.00095174
0.00095664
0.00094869
0.00095425
0.00096201
0.00095545
0.00095352
0.00094724
0.00094969
0.00096005
0.00095654
0.00095035
0.00096077
0.00094637
0.00095425
0.00095814
0.00095141
0.00094992
0.00000000
0.00000000
0.00000000
0.00000000
0.00037641
0.00079295
0.00080042
0.00078959
0.00078738
0.00079499
0.00079329
0.00079864
0.00078389
0.00078792
0.00079037
0.00079487
0.00080298
0.00079137
0.00079373
0.00079235
0.00079668
0.00080074
0.00078848
0.00079160
0.00078363
0.00079174
0.00080549
0.00079258
0.00079340
0.00079178
0.00079078
0.00080031
0.00079433
0.00079325
0.00079099
0.00079366
0.00080419
0.00079610
0.00079442
0.00079835
0.00079667
0.00080085
0.00079438
0.00079471
0.00079485
0.00000000
0.00000000
0.00000000
0.00000000
0.00085867
0.00181307
0.00181132
0.00182006
0.00181601
0.00180722
0.00180347
0.00181133
0.00181040
0.00182082
0.00180470
0.00180542
0.00180130
0.00181702
0.00186161
0.00180376
0.00180178
0.00182234
0.00181302
0.00000000
0.00000000
0.00000000
0.00000000
0.00043953
0.00102940
0.00104833
0.00103824
0.00103904
0.00104593
0.00103367
0.00106937
0.00104746
0.00103666
0.00103549
0.00104429
0.00103813
0.00103846
0.00104077
0.00103542
0.00103648
0.00103460
0.00103049
0.00106469
0.00103441
0.00103742
0.00104693
0.00103058
0.00103919
0.00104122
0.00103364
0.00103684
0.00104495
0.00109152
0.00104172
0.00104025
0.00000000
0.00000000
0.00000000
0.00000000
0.00156681
0.00323322
0.00319237
0.00319799
0.00317427
0.00316932
0.00319275
0.00321518
0.00318256
0.00317369
0.00317431
0.00319215
0.00330119
0.00318963
0.00316937
0.00317201
0.00316159
0.00317298
0.00321942
0.00322246
0.00318753
0.00317471
0.00316812
0.00337287
0.00321298
0.00317026
0.00317142
0.00321911
0.00316273
0.00321889
0.00000000
0.00000000
0.00000000
0.00000000
0.00042457
0.00097215
0.00096015
0.00095953
0.00097155
0.00095876
0.00106191
0.00103518
0.00097481
0.00098598
0.00097133
0.00099685
0.00098255
0.00099741
0.00097808
0.00099334
0.00097115
0.00099031
0.00098243
0.00096327
0.00095808
0.00096670
0.00098222
0.00098765
0.00100637
0.00115042
0.00095892
0.00096031
0.00000000
0.00000000
0.00000000
0.00000000
0.00077110
0.00132787
0.00127455
0.00126188
0.00132479
0.00126560
0.00133191
0.00129840
0.00000000
0.00000000
0.00000000
0.00000000
0.00032799
0.00064135
0.00063838
0.00061732
0.00061942
