1
125.80,20.18,47.40,36.64
128.80,19.18,47.40,36.64
130.80,19.18,47.40,36.64
131.80,18.18,47.40,36.64
131.80,18.18,47.40,36.64
131.80,19.18,47.40,36.64
132.80,19.18,47.40,36.64
133.80,18.18,47.40,36.64
135.80,16.18,47.40,36.64
135.80,15.18,47.40,36.64
134.80,15.18,47.40,36.64
134.80,15.18,47.40,36.64
133.80,15.18,47.40,36.64
134.80,15.18,47.40,36.64
135.80,14.18,47.40,36.64
136.80,13.18,47.40,36.64
136.80,12.18,47.40,36.64
136.80,12.18,47.40,36.64
136.80,12.18,47.40,36.64
136.80,12.18,47.40,36.64
136.80,12.18,47.40,36.64
136.80,12.18,47.40,36.64
136.80,12.18,47.40,36.64
136.80,11.18,47.40,36.64
136.80,10.18,47.40,36.64
136.80,9.18,47.40,36.64
137.80,9.18,47.40,36.64
137.80,8.18,47.40,36.64
138.80,8.18,47.40,36.64
139.80,8.18,47.40,36.64
2
0
0
0
0
1
128.00,52.00,16.00,31.00
127.00,51.00,16.00,31.00
126.00,51.00,16.00,31.00
126.00,50.00,16.00,31.00
126.00,50.00,16.00,31.00
126.00,50.00,16.00,31.00
126.00,50.00,16.00,31.00
126.00,50.00,16.00,31.00
126.00,50.00,16.00,31.00
126.00,50.00,16.00,31.00
126.00,50.00,16.00,31.00
2
0
0
0
0
1
104.00,69.00,16.00,29.00
104.00,70.00,16.00,29.00
104.00,70.00,16.00,29.00
104.00,70.00,16.00,29.00
104.00,70.00,16.00,29.00
104.00,70.00,16.00,29.00
104.00,70.00,16.00,29.00
104.00,70.00,16.00,29.00
104.00,70.00,16.00,29.00
104.00,70.00,16.00,29.00
104.00,70.00,16.00,29.00
104.00,70.00,16.00,29.00
104.00,70.00,16.00,29.00
104.00,70.00,16.00,29.00
104.00,70.00,16.00,29.00
104.00,70.00,16.00,29.00
104.00,71.00,16.00,29.00
104.00,71.00,16.00,29.00
104.00,71.00,16.00,29.00
104.00,71.00,16.00,29.00
105.00,71.00,16.00,29.00
107.00,71.00,16.00,29.00
109.00,71.00,16.00,29.00
110.00,71.00,16.00,29.00
111.00,71.00,16.00,29.00
112.00,71.00,16.00,29.00
113.00,71.00,16.00,29.00
113.00,71.00,16.00,29.00
113.00,71.00,16.00,29.00
114.00,71.00,16.00,29.00
115.00,71.00,16.00,29.00
116.00,71.00,16.00,29.00
116.00,71.00,16.00,29.00
116.00,71.00,16.00,29.00
116.00,71.00,16.00,29.00
116.00,71.00,16.00,29.00
116.00,71.00,16.00,29.00
116.00,71.00,16.00,29.00
116.00,71.00,16.00,29.00
116.00,71.00,16.00,29.00
116.00,71.00,16.00,29.00
115.00,71.00,16.00,29.00
113.00,71.00,16.00,29.00
112.00,72.00,16.00,29.00
111.00,72.00,16.00,29.00
111.00,72.00,16.00,29.00
111.00,72.00,16.00,29.00
111.00,72.00,16.00,29.00
111.00,72.00,16.00,29.00
111.00,72.00,16.00,29.00
112.00,72.00,16.00,29.00
112.00,72.00,16.00,29.00
113.00,72.00,16.00,29.00
114.00,72.00,16.00,29.00
114.00,71.00,16.00,29.00
114.00,70.00,16.00,29.00
115.00,69.00,16.00,29.00
117.00,69.00,16.00,29.00
2
0
0
0
0
1
146.00,79.00,66.00,37.00
146.00,80.00,66.00,37.00
146.00,80.00,66.00,37.00
146.00,80.00,66.00,37.00
146.00,80.00,66.00,37.00
147.00,80.00,66.00,37.00
147.00,80.00,66.00,37.00
147.00,80.00,66.00,37.00
147.00,80.00,66.00,37.00
148.00,79.00,66.00,37.00
148.00,79.00,66.00,37.00
148.00,79.00,66.00,37.00
149.00,79.00,66.00,37.00
150.00,79.00,66.00,37.00
150.00,79.00,66.00,37.00
150.00,79.00,66.00,37.00
150.00,79.00,66.00,37.00
150.00,79.00,66.00,37.00
150.00,79.00,66.00,37.00
150.00,79.00,66.00,37.00
150.00,79.00,66.00,37.00
150.00,79.00,66.00,37.00
150.00,79.00,66.00,37.00
151.00,79.00,66.00,37.00
2
0
0
0
0
1
237.00,78.00,66.00,35.00
237.00,78.00,66.00,35.00
237.00,78.00,66.00,35.00
238.00,78.00,66.00,35.00
238.00,78.00,66.00,35.00
238.00,78.00,66.00,35.00
238.00,78.00,66.00,35.00
238.00,78.00,66.00,35.00
238.00,78.00,66.00,35.00
239.00,78.00,66.00,35.00
239.00,77.00,66.00,35.00
239.00,77.00,66.00,35.00
239.00,77.00,66.00,35.00
239.00,77.00,66.00,35.00
239.00,77.00,66.00,35.00
239.00,77.00,66.00,35.00
239.00,77.00,66.00,35.00
239.00,77.00,66.00,35.00
239.00,77.00,66.00,35.00
239.00,76.00,66.00,35.00
239.00,76.00,66.00,35.00
239.00,76.00,66.00,35.00
239.00,77.00,66.00,35.00
239.00,77.00,66.00,35.00
239.00,77.00,66.00,35.00
238.00,77.00,66.00,35.00
238.00,77.00,66.00,35.00
238.00,77.00,66.00,35.00
238.00,77.00,66.00,35.00
238.00,77.00,66.00,35.00
238.00,77.00,66.00,35.00
238.00,77.00,66.00,35.00
238.00,77.00,66.00,35.00
238.00,77.00,66.00,35.00
238.00,77.00,66.00,35.00
237.00,77.00,66.00,35.00
238.00,77.00,66.00,35.00
237.00,77.00,66.00,35.00
237.00,77.00,66.00,35.00
237.00,77.00,66.00,35.00
236.00,77.00,66.00,35.00
236.00,77.00,66.00,35.00
236.00,77.00,66.00,35.00
236.00,77.00,66.00,35.00
2
0
0
0
0
1
138.03,62.54,73.53,40.05
138.03,63.54,73.53,40.05
138.03,63.54,73.53,40.05
138.03,63.54,73.53,40.05
138.03,63.54,73.53,40.05
138.03,63.54,73.53,40.05
138.03,63.54,73.53,40.05
138.03,63.54,73.53,40.05
138.03,63.54,73.53,40.05
138.03,63.54,73.53,40.05
138.03,63.54,73.53,40.05
138.03,63.54,73.53,40.05
138.03,63.54,73.53,40.05
138.03,63.54,73.53,40.05
138.03,63.54,73.53,40.05
138.03,63.54,73.53,40.05
138.03,63.54,73.53,40.05
138.03,63.54,73.53,40.05
2
0
0
0
0
1
79.00,85.00,38.00,38.00
80.00,80.00,38.00,38.00
79.00,80.00,38.00,38.00
78.00,80.00,38.00,38.00
78.00,80.00,38.00,38.00
78.00,80.00,38.00,38.00
78.00,80.00,38.00,38.00
78.00,80.00,38.00,38.00
78.00,80.00,38.00,38.00
78.00,80.00,38.00,38.00
78.00,80.00,38.00,38.00
78.00,80.00,38.00,38.00
78.00,80.00,38.00,38.00
78.00,80.00,38.00,38.00
78.00,80.00,38.00,38.00
78.00,80.00,38.00,38.00
78.00,80.00,38.00,38.00
78.00,80.00,38.00,38.00
78.00,80.00,38.00,38.00
78.00,80.00,38.00,38.00
78.00,80.00,38.00,38.00
78.00,80.00,38.00,38.00
2
0
0
0
0
1
45.00,118.00,26.00,46.00
45.00,117.00,26.00,46.00
45.00,117.00,26.00,46.00
45.00,117.00,26.00,46.00
45.00,117.00,26.00,46.00
45.00,117.00,26.00,46.00
45.00,117.00,26.00,46.00
46.00,117.00,26.00,46.00
46.00,117.00,26.00,46.00
46.00,117.00,26.00,46.00
46.00,117.00,26.00,46.00
46.00,117.00,26.00,46.00
46.00,117.00,26.00,46.00
46.00,118.00,26.00,46.00
46.00,118.00,26.00,46.00
45.00,118.00,26.00,46.00
45.00,118.00,26.00,46.00
45.00,118.00,26.00,46.00
45.00,118.00,26.00,46.00
45.00,118.00,26.00,46.00
46.00,118.00,26.00,46.00
46.00,118.00,26.00,46.00
46.00,118.00,26.00,46.00
46.00,118.00,26.00,46.00
46.00,117.00,26.00,46.00
46.00,117.00,26.00,46.00
46.00,117.00,26.00,46.00
46.00,117.00,26.00,46.00
46.00,117.00,26.00,46.00
46.00,117.00,26.00,46.00
46.00,117.00,26.00,46.00
46.00,116.00,26.00,46.00
46.00,116.00,26.00,46.00
46.00,116.00,26.00,46.00
46.00,116.00,26.00,46.00
46.00,116.00,26.00,46.00
46.00,116.00,26.00,46.00
46.00,116.00,26.00,46.00
46.00,116.00,26.00,46.00
2
0
0
0
0
1
81.00,93.00,85.00,39.00
81.00,93.00,85.00,39.00
81.00,93.00,85.00,39.00
81.00,93.00,85.00,39.00
81.00,92.00,85.00,39.00
81.00,92.00,85.00,39.00
81.00,92.00,85.00,39.00
81.00,92.00,85.00,39.00
81.00,92.00,85.00,39.00
81.00,92.00,85.00,39.00
81.00,92.00,85.00,39.00
81.00,92.00,85.00,39.00
81.00,92.00,85.00,39.00
81.00,92.00,85.00,39.00
81.00,93.00,85.00,39.00
81.00,93.00,85.00,39.00
81.00,93.00,85.00,39.00
2
0
0
0
0
1
195.00,86.00,30.00,39.00
195.00,87.00,30.00,39.00
194.00,87.00,30.00,39.00
194.00,88.00,30.00,39.00
195.00,88.00,30.00,39.00
195.00,88.00,30.00,39.00
195.00,88.00,30.00,39.00
195.00,88.00,30.00,39.00
195.00,88.00,30.00,39.00
195.00,88.00,30.00,39.00
195.00,88.00,30.00,39.00
195.00,88.00,30.00,39.00
195.00,87.00,30.00,39.00
195.00,87.00,30.00,39.00
195.00,87.00,30.00,39.00
195.00,87.00,30.00,39.00
195.00,87.00,30.00,39.00
195.00,87.00,30.00,39.00
195.00,87.00,30.00,39.00
195.00,87.00,30.00,39.00
195.00,87.00,30.00,39.00
195.00,87.00,30.00,39.00
195.00,87.00,30.00,39.00
195.00,87.00,30.00,39.00
195.00,87.00,30.00,39.00
195.00,88.00,30.00,39.00
195.00,88.00,30.00,39.00
195.00,88.00,30.00,39.00
195.00,88.00,30.00,39.00
195.00,88.00,30.00,39.00
2
0
0
0
0
1
105.00,88.00,76.00,34.00
105.00,88.00,76.00,34.00
105.00,88.00,76.00,34.00
105.00,88.00,76.00,34.00
105.00,88.00,76.00,34.00
105.00,88.00,76.00,34.00
105.00,88.00,76.00,34.00
105.00,88.00,76.00,34.00
106.00,88.00,76.00,34.00
106.00,88.00,76.00,34.00
106.00,88.00,76.00,34.00
106.00,88.00,76.00,34.00
106.00,88.00,76.00,34.00
106.00,88.00,76.00,34.00
106.00,88.00,76.00,34.00
106.00,88.00,76.00,34.00
106.00,88.00,76.00,34.00
106.00,88.00,76.00,34.00
106.00,88.00,76.00,34.00
107.00,88.00,76.00,34.00
107.00,88.00,76.00,34.00
107.00,88.00,76.00,34.00
107.00,88.00,76.00,34.00
107.00,88.00,76.00,34.00
107.00,88.00,76.00,34.00
107.00,88.00,76.00,34.00
107.00,88.00,76.00,34.00
107.00,88.00,76.00,34.00
2
0
0
0
0
1
83.00,76.00,22.00,38.00
84.00,75.00,22.00,38.00
85.00,73.00,22.00,38.00
86.00,72.00,22.00,38.00
88.00,71.00,22.00,38.00
93.00,71.00,22.00,38.00
96.00,71.00,22.00,38.00
96.00,71.00,22.00,38.00
97.00,70.00,22.00,38.00
102.00,69.00,22.00,38.00
105.00,68.00,22.00,38.00
107.00,67.00,22.00,38.00
107.00,67.00,22.00,38.00
108.00,67.00,22.00,38.00
107.00,67.00,22.00,38.00
106.00,66.00,22.00,38.00
105.00,65.00,22.00,38.00
105.00,65.00,22.00,38.00
105.00,65.00,22.00,38.00
105.00,64.00,22.00,38.00
105.00,64.00,22.00,38.00
105.00,64.00,22.00,38.00
105.00,64.00,22.00,38.00
105.00,64.00,22.00,38.00
105.00,64.00,22.00,38.00
104.00,64.00,22.00,38.00
2
0
0
0
0
1
155.00,44.00,62.00,35.00
154.00,44.00,62.00,35.00
154.00,47.00,62.00,35.00
154.00,48.00,62.00,35.00
154.00,49.00,62.00,35.00
149.00,31.00,62.00,35.00
2
0
0
0
0
1
224.00,39.00,36.00,35.00
229.00,38.00,36.00,35.00
233.00,37.00,36.00,35.00
235.00,37.00,36.00,35.00
