0.00231146
0.00362119
0.00475407
0.00331793
0.00349288
0.00423930
0.00404627
0.00381006
0.00346057
0.00385750
0.00377856
0.00420808
0.00345880
0.00409918
0.00387678
0.00374629
0.00344854
0.00383268
0.00365475
0.00431616
0.00349409
0.00415957
0.00383569
0.00379414
0.00341117
0.00389981
0.00336079
0.00380842
0.00351923
0.00381184
0.00395815
0.00383894
0.00373876
0.00490611
0.00413197
0.00486239
0.00000000
0.00000000
0.00000000
0.00000000
0.00131574
0.00355868
0.00334634
0.00339802
0.00337868
0.00333853
0.00352431
0.00334531
0.00332448
0.00367222
0.00337198
0.00334678
0.00355936
0.00341280
0.00331763
0.00357918
0.00346303
0.00335012
0.00346931
0.00338188
0.00334111
0.00337582
0.00331056
0.00330771
0.00333135
0.00292188
0.00242638
0.00243381
0.00239206
0.00243537
0.00241540
0.00242336
0.00246626
0.00236304
0.00246758
0.00243790
0.00241995
0.00243673
0.00241783
0.00242829
0.00241919
0.00248023
0.00247200
0.00242818
0.00242289
0.00243286
0.00244138
0.00242498
0.00242948
0.00245239
0.00242103
0.00243589
0.00246391
0.00247841
0.00246535
0.00243881
0.00241853
0.00243290
0.00242169
0.00246373
0.00241961
0.00242566
0.00241375
0.00242531
0.00243903
0.00243463
0.00243172
0.00242929
0.00257142
0.00255948
0.00242838
0.00244709
0.00241919
0.00242085
0.00247099
0.00248843
0.00242586
0.00243600
0.00242386
0.00243972
0.00241877
0.00243419
0.00242522
0.00250204
0.00242822
0.00244198
0.00243922
0.00243760
0.00242358
0.00246149
0.00246277
0.00242751
0.00241155
0.00245408
0.00241696
0.00243261
0.00245359
0.00249436
0.00244184
0.00243769
0.00241901
0.00243685
0.00241874
0.00241963
0.00241564
0.00000000
0.00000000
0.00000000
0.00000000
0.00080656
0.00168667
0.00168240
0.00167720
0.00172905
0.00166893
0.00168032
0.00167763
0.00167589
0.00167151
0.00167525
0.00167384
0.00167949
0.00168836
0.00167858
