0.00044887
0.00064080
0.00061427
0.00047117
0.00040602
0.00040198
0.00045317
0.00040074
0.00040149
0.00041074
0.00055687
0.00044496
0.00040564
0.00041376
0.00040544
0.00040175
0.00040369
0.00040129
0.00040352
0.00040258
0.00045391
0.00000000
0.00000000
0.00000000
0.00000000
0.00042719
0.00054464
0.00054401
0.00054357
0.00054472
0.00055679
0.00055836
0.00079548
0.00065307
0.00054887
0.00055293
0.00054541
0.00054054
0.00054353
0.00053915
0.00054450
0.00054147
0.00054518
0.00054108
0.00055518
0.00054460
0.00054624
0.00054362
0.00054421
0.00054689
0.00054749
0.00054335
0.00054355
0.00055850
0.00054520
0.00054780
0.00057820
0.00054262
0.00055893
0.00054136
0.00054161
0.00054116
0.00000000
0.00000000
0.00000000
0.00000000
0.00041560
0.00055113
0.00055040
0.00054177
0.00054285
0.00054411
0.00054197
0.00054270
0.00054198
0.00054185
0.00054340
0.00054953
0.00054404
0.00054127
0.00054264
0.00054182
0.00054279
0.00054084
0.00054275
0.00054141
0.00054718
0.00054191
0.00054938
0.00054337
0.00054327
0.00059012
0.00054400
0.00054601
0.00054520
0.00054439
0.00054398
0.00055597
0.00054340
0.00054333
0.00054369
0.00054208
0.00054572
0.00054357
0.00054335
0.00054107
0.00055447
0.00054398
0.00054344
0.00054273
0.00054387
0.00054598
0.00054489
0.00054319
0.00054269
0.00055492
0.00054251
0.00054786
0.00054175
0.00054327
0.00054589
0.00054804
0.00054406
0.00054306
0.00054428
0.00054155
0.00054931
0.00054317
0.00054246
0.00054454
0.00054383
0.00054419
0.00054131
0.00000000
0.00000000
0.00000000
0.00000000
0.00058068
0.00089390
0.00088936
0.00088871
0.00089080
0.00088790
0.00089090
0.00088875
0.00088832
0.00088809
0.00089065
0.00090219
0.00089170
0.00091001
0.00088839
0.00089991
0.00088817
0.00088809
0.00089018
0.00088901
0.00088720
0.00088833
0.00088722
0.00088893
0.00089314
0.00088743
0.00090125
0.00088793
0.00090700
0.00088657
0.00089007
0.00088758
0.00088781
0.00088779
0.00088794
0.00088803
0.00088799
0.00088946
0.00088914
0.00089702
0.00089047
0.00090322
0.00088856
0.00089661
0.00000000
0.00000000
0.00000000
0.00000000
0.00033444
0.00040436
0.00040832
0.00040457
0.00040555
0.00040453
0.00041852
0.00040213
0.00040231
0.00040319
0.00040255
0.00040242
0.00040167
0.00040166
0.00040338
0.00040188
0.00040518
0.00039992
0.00041027
0.00040043
0.00040231
0.00040310
0.00040372
0.00047029
0.00040825
0.00040598
0.00041092
0.00048515
0.00047745
0.00042241
0.00044601
0.00042950
0.00042010
0.00040270
0.00040216
0.00040339
0.00040122
0.00040279
0.00040085
0.00000000
0.00000000
0.00000000
0.00000000
0.00058974
0.00089407
0.00090001
0.00088763
0.00090134
0.00088814
0.00089367
0.00088660
0.00089284
0.00089362
0.00089409
0.00091765
0.00089792
0.00088666
0.00090630
0.00098041
0.00089501
0.00091182
0.00089434
0.00089109
0.00089062
0.00088821
0.00088946
0.00000000
0.00000000
0.00000000
0.00000000
0.00037335
0.00046807
0.00048012
0.00046854
0.00047900
0.00046886
0.00046630
0.00046873
0.00046651
