1
168.00,80.00,49.00,50.00
168.00,79.00,49.00,50.00
167.00,79.00,49.00,50.00
167.00,79.00,49.00,50.00
167.00,79.00,49.00,50.00
167.00,79.00,49.00,50.00
167.00,79.00,49.00,50.00
167.00,79.00,49.00,50.00
167.00,79.00,49.00,50.00
167.00,78.00,49.00,50.00
167.00,78.00,49.00,50.00
166.00,78.00,49.00,50.00
164.00,77.00,49.00,50.00
163.00,76.00,49.00,50.00
177.00,72.00,49.00,50.00
177.00,71.00,49.00,50.00
177.00,71.00,49.00,50.00
177.00,71.00,49.00,50.00
177.00,71.00,49.00,50.00
2
0
0
0
0
1
102.00,64.00,50.00,51.00
97.00,65.00,50.00,51.00
98.00,65.00,50.00,51.00
97.00,63.00,50.00,51.00
95.00,63.00,50.00,51.00
92.00,65.00,50.00,51.00
89.00,66.00,50.00,51.00
87.00,67.00,50.00,51.00
85.00,68.00,50.00,51.00
84.00,69.00,50.00,51.00
84.00,70.00,50.00,51.00
84.00,71.00,50.00,51.00
85.00,72.00,50.00,51.00
85.00,73.00,50.00,51.00
86.00,75.00,50.00,51.00
87.00,78.00,50.00,51.00
88.00,81.00,50.00,51.00
88.00,84.00,50.00,51.00
89.00,88.00,50.00,51.00
91.00,91.00,50.00,51.00
94.00,93.00,50.00,51.00
98.00,96.00,50.00,51.00
100.00,96.00,50.00,51.00
99.00,104.00,50.00,51.00
100.00,105.00,50.00,51.00
100.00,106.00,50.00,51.00
100.00,109.00,50.00,51.00
101.00,110.00,50.00,51.00
101.00,109.00,50.00,51.00
101.00,108.00,50.00,51.00
100.00,108.00,50.00,51.00
100.00,108.00,50.00,51.00
100.00,108.00,50.00,51.00
100.00,108.00,50.00,51.00
100.00,108.00,50.00,51.00
2
0
0
0
0
1
180.00,107.00,52.00,52.00
182.00,108.00,52.00,52.00
186.00,110.00,52.00,52.00
189.00,112.00,52.00,52.00
192.00,115.00,52.00,52.00
193.00,117.00,52.00,52.00
196.00,120.00,52.00,52.00
196.00,121.00,52.00,52.00
202.00,123.00,52.00,52.00
204.00,124.00,52.00,52.00
205.00,126.00,52.00,52.00
206.00,127.00,52.00,52.00
207.00,128.00,52.00,52.00
207.00,128.00,52.00,52.00
207.00,128.00,52.00,52.00
206.00,128.00,52.00,52.00
207.00,128.00,52.00,52.00
207.00,128.00,52.00,52.00
206.00,128.00,52.00,52.00
206.00,128.00,52.00,52.00
206.00,128.00,52.00,52.00
206.00,128.00,52.00,52.00
206.00,128.00,52.00,52.00
206.00,128.00,52.00,52.00
206.00,128.00,52.00,52.00
206.00,128.00,52.00,52.00
206.00,128.00,52.00,52.00
206.00,128.00,52.00,52.00
206.00,128.00,52.00,52.00
206.00,128.00,52.00,52.00
206.00,128.00,52.00,52.00
206.00,128.00,52.00,52.00
206.00,128.00,52.00,52.00
206.00,128.00,52.00,52.00
206.00,128.00,52.00,52.00
206.00,128.00,52.00,52.00
206.00,128.00,52.00,52.00
206.00,128.00,52.00,52.00
206.00,128.00,52.00,52.00
206.00,128.00,52.00,52.00
206.00,128.00,52.00,52.00
206.00,128.00,52.00,52.00
206.00,128.00,52.00,52.00
206.00,128.00,52.00,52.00
206.00,128.00,52.00,52.00
206.00,128.00,52.00,52.00
206.00,128.00,52.00,52.00
206.00,128.00,52.00,52.00
206.00,128.00,52.00,52.00
206.00,128.00,52.00,52.00
206.00,128.00,52.00,52.00
206.00,128.00,52.00,52.00
206.00,128.00,52.00,52.00
206.00,128.00,52.00,52.00
206.00,128.00,52.00,52.00
206.00,128.00,52.00,52.00
207.00,128.00,52.00,52.00
207.00,128.00,52.00,52.00
207.00,128.00,52.00,52.00
207.00,128.00,52.00,52.00
207.00,128.00,52.00,52.00
207.00,128.00,52.00,52.00
207.00,128.00,52.00,52.00
207.00,128.00,52.00,52.00
206.00,128.00,52.00,52.00
2
0
0
0
0
1
188.00,60.00,38.00,49.00
189.00,60.00,38.00,49.00
188.00,59.00,38.00,49.00
186.00,67.00,38.00,49.00
187.00,66.00,38.00,49.00
188.00,60.00,38.00,49.00
188.00,60.00,38.00,49.00
188.00,60.00,38.00,49.00
188.00,60.00,38.00,49.00
187.00,60.00,38.00,49.00
186.00,60.00,38.00,49.00
185.00,60.00,38.00,49.00
183.00,61.00,38.00,49.00
179.00,62.00,38.00,49.00
175.00,64.00,38.00,49.00
173.00,64.00,38.00,49.00
173.00,64.00,38.00,49.00
172.00,63.00,38.00,49.00
172.00,65.00,38.00,49.00
172.00,68.00,38.00,49.00
172.00,71.00,38.00,49.00
172.00,74.00,38.00,49.00
171.00,74.00,38.00,49.00
172.00,74.00,38.00,49.00
172.00,75.00,38.00,49.00
173.00,78.00,38.00,49.00
174.00,81.00,38.00,49.00
174.00,84.00,38.00,49.00
173.00,85.00,38.00,49.00
173.00,86.00,38.00,49.00
173.00,87.00,38.00,49.00
174.00,88.00,38.00,49.00
179.00,91.00,38.00,49.00
180.00,92.00,38.00,49.00
179.00,92.00,38.00,49.00
175.00,91.00,38.00,49.00
172.00,90.00,38.00,49.00
172.00,91.00,38.00,49.00
172.00,92.00,38.00,49.00
171.00,92.00,38.00,49.00
184.00,93.00,38.00,49.00
184.00,93.00,38.00,49.00
2
0
0
0
0
1
81.00,70.00,46.00,50.00
73.00,69.00,46.00,50.00
68.00,69.00,46.00,50.00
62.00,68.00,46.00,50.00
56.00,68.00,46.00,50.00
49.00,69.00,46.00,50.00
49.00,59.00,46.00,50.00
43.00,71.00,46.00,50.00
44.00,79.00,46.00,50.00
42.00,83.00,46.00,50.00
41.00,87.00,46.00,50.00
42.00,89.00,46.00,50.00
45.00,91.00,46.00,50.00
48.00,94.00,46.00,50.00
51.00,96.00,46.00,50.00
55.00,100.00,46.00,50.00
58.00,105.00,46.00,50.00
61.00,110.00,46.00,50.00
63.00,116.00,46.00,50.00
66.00,122.00,46.00,50.00
70.00,129.00,46.00,50.00
74.00,135.00,46.00,50.00
77.00,139.00,46.00,50.00
80.00,143.00,46.00,50.00
82.00,144.00,46.00,50.00
81.00,144.00,46.00,50.00
81.00,145.00,46.00,50.00
81.00,145.00,46.00,50.00
82.00,144.00,46.00,50.00
83.00,144.00,46.00,50.00
82.00,144.00,46.00,50.00
82.00,143.00,46.00,50.00
83.00,143.00,46.00,50.00
83.00,143.00,46.00,50.00
83.00,143.00,46.00,50.00
83.00,143.00,46.00,50.00
83.00,143.00,46.00,50.00
2
0
0
0
0
1
154.00,181.00,49.00,42.00
176.00,193.00,49.00,42.00
182.00,192.00,49.00,42.00
184.00,189.00,49.00,42.00
186.00,186.00,49.00,42.00
188.00,182.00,49.00,42.00
189.00,179.00,49.00,42.00
193.00,176.00,49.00,42.00
194.00,173.00,49.00,42.00
196.00,171.00,49.00,42.00
198.00,169.00,49.00,42.00
200.00,172.00,49.00,42.00
200.00,172.00,49.00,42.00
200.00,172.00,49.00,42.00
200.00,172.00,49.00,42.00
200.00,172.00,49.00,42.00
200.00,172.00,49.00,42.00
200.00,172.00,49.00,42.00
199.00,172.00,49.00,42.00
199.00,171.00,49.00,42.00
199.00,171.00,49.00,42.00
2
0
0
0
0
1
174.00,105.00,47.00,46.00
172.00,105.00,47.00,46.00
171.00,104.00,47.00,46.00
171.00,104.00,47.00,46.00
171.00,104.00,47.00,46.00
170.00,104.00,47.00,46.00
170.00,104.00,47.00,46.00
170.00,104.00,47.00,46.00
