0.00135678
0.00182744
0.00160965
0.00150134
0.00173363
0.00105776
0.00102279
0.00092580
0.00097579
0.00091342
0.00092542
0.00104750
0.00105582
0.00093129
0.00092955
0.00091845
0.00092269
0.00091568
0.00091562
0.00091581
0.00110040
0.00092068
0.00091846
0.00099288
0.00099004
0.00092682
0.00092124
0.00096683
0.00092262
0.00097183
0.00091964
0.00092584
0.00092347
0.00092060
0.00091728
0.00091456
0.00092397
0.00091744
0.00092175
0.00091781
0.00092494
0.00091697
0.00092082
0.00091750
0.00093217
0.00091844
0.00092735
0.00091842
0.00092510
0.00091971
0.00091760
0.00091913
0.00092532
0.00091717
0.00097495
0.00091715
0.00092112
0.00092145
0.00091845
0.00092268
0.00092250
0.00091678
0.00091941
0.00091586
0.00092215
0.00091622
0.00091756
0.00091567
0.00093127
0.00091441
0.00092175
0.00091424
0.00092814
0.00091470
0.00091732
0.00091571
0.00092242
0.00091491
0.00091914
0.00092203
0.00092343
0.00092465
0.00091850
0.00092040
0.00092289
0.00091545
0.00091832
0.00091602
0.00092096
0.00091419
0.00091500
0.00091398
0.00092866
0.00091537
0.00092635
0.00091440
0.00092682
0.00091465
0.00091836
0.00091552
0.00092299
0.00091619
0.00091665
0.00091693
0.00092303
0.00096347
0.00091913
0.00091982
0.00093407
0.00092592
0.00091892
0.00091605
0.00092471
0.00091700
0.00091930
0.00091736
0.00092540
0.00094947
0.00092281
0.00091798
0.00093511
0.00091549
0.00093074
0.00091761
0.00093081
0.00091873
0.00091922
0.00091802
0.00092327
0.00091903
0.00092000
0.00091673
0.00092347
0.00092281
0.00091737
0.00092337
0.00092628
0.00092154
0.00091847
0.00091647
0.00092372
0.00091754
0.00091966
0.00091349
0.00092362
0.00091526
0.00092472
0.00091689
0.00093332
0.00091751
0.00092308
0.00091766
0.00092121
0.00091382
0.00091714
0.00095845
0.00091932
0.00091456
0.00091764
0.00091926
0.00092170
0.00092075
0.00091696
0.00091996
0.00092144
0.00091223
0.00091659
0.00091335
0.00092044
0.00091381
0.00091616
0.00091454
0.00092672
0.00091656
0.00092286
0.00091596
0.00092759
0.00091662
0.00091973
0.00091697
0.00092476
0.00091683
0.00092010
0.00092009
0.00092142
0.00091579
0.00091748
0.00092443
0.00092510
0.00091867
0.00091571
0.00091754
0.00092119
0.00091567
0.00091716
0.00091512
0.00092269
0.00091560
0.00091613
0.00091396
0.00092865
0.00091490
0.00092491
0.00091847
0.00093205
0.00091939
0.00093058
0.00092018
0.00092509
0.00091699
0.00091920
0.00091938
0.00092496
0.00092571
0.00092119
0.00092463
0.00092536
0.00092350
0.00092082
0.00091853
0.00092576
0.00091827
0.00091710
0.00091662
0.00093019
0.00095202
0.00092303
0.00091861
0.00093708
0.00092136
0.00093322
0.00092086
0.00093819
0.00091903
0.00093357
0.00091191
0.00091856
0.00091100
0.00091352
0.00090942
0.00091764
0.00091135
0.00091250
0.00091701
0.00091787
0.00091701
0.00091327
0.00091418
0.00091967
0.00090944
0.00091401
0.00091057
0.00091980
0.00093822
0.00091790
0.00091244
0.00092322
0.00091392
0.00092061
0.00091069
0.00092449
0.00091261
0.00092241
0.00091184
0.00092528
0.00091187
0.00091307
0.00091303
0.00091929
0.00091319
0.00091715
0.00091499
0.00092213
0.00091501
0.00091773
0.00092145
0.00092334
0.00092274
0.00092176
0.00103047
0.00096586
0.00097414
0.00091766
0.00096225
0.00092080
0.00095542
0.00091578
0.00091209
0.00110242
0.00092948
0.00091864
0.00091411
0.00092252
0.00091421
0.00091757
0.00092142
0.00092160
0.00091382
0.00091709
0.00091356
0.00092833
0.00091466
0.00092193
0.00091591
0.00092713
0.00091578
0.00096110
0.00091535
0.00109537
0.00092266
0.00098617
0.00093819
0.00101995
0.00092618
0.00092707
0.00091851
0.00097135
0.00091071
0.00091957
0.00091238
0.00095990
0.00091272
0.00091774
0.00098688
0.00092150
0.00091547
0.00091827
0.00091582
0.00092134
0.00091628
0.00096036
0.00092156
0.00092253
0.00091485
0.00091896
0.00092433
0.00092124
0.00092357
0.00091500
0.00092414
0.00092490
0.00092790
0.00091834
0.00092366
0.00092322
0.00092106
0.00091566
0.00091974
0.00092357
0.00091918
0.00091827
0.00092190
0.00096610
0.00091485
0.00091763
0.00091633
0.00092307
0.00091562
0.00092016
0.00091482
0.00092078
0.00091297
0.00091485
0.00091373
0.00092260
0.00091360
0.00091684
0.00091557
0.00092320
0.00091722
0.00092841
0.00091565
0.00097769
0.00094747
0.00093279
0.00091750
0.00093048
0.00091657
0.00092545
0.00091684
0.00103116
0.00093551
0.00096839
0.00091697
0.00098058
0.00091493
0.00091745
0.00091493
0.00092451
0.00091462
0.00091799
0.00091788
0.00092255
0.00091651
0.00091912
0.00091502
0.00092253
0.00091599
0.00091666
0.00091351
0.00092502
0.00091913
0.00091848
0.00091992
0.00092500
0.00092125
0.00091774
0.00092594
0.00091966
0.00092208
0.00091788
0.00091981
0.00092115
0.00091876
0.00091615
0.00092367
0.00092236
0.00091979
0.00091731
0.00091902
0.00092441
0.00091870
0.00091827
0.00091517
0.00092267
0.00091475
0.00091572
0.00091420
0.00092216
0.00091411
0.00091729
0.00091435
0.00092310
0.00095936
0.00092231
0.00092005
0.00092542
0.00091577
0.00091833
0.00091421
0.00092241
0.00091217
0.00091635
0.00091306
0.00092272
0.00091335
0.00091495
0.00091335
0.00092064
0.00091325
0.00091666
0.00091341
0.00092217
0.00091234
0.00091707
0.00091298
0.00092256
0.00091544
0.00092243
0.00091162
0.00092625
0.00091520
0.00092496
0.00091372
0.00092699
0.00091263
0.00092970
0.00091953
0.00093103
0.00096546
0.00092896
0.00091521
0.00092794
0.00091350
0.00092475
0.00091433
0.00092789
0.00091461
0.00092387
0.00091503
0.00092778
0.00091751
0.00092327
0.00091531
0.00092491
0.00091570
0.00092441
0.00091571
0.00092765
0.00091660
0.00092183
0.00091285
0.00092760
0.00091602
0.00092234
0.00091650
0.00092885
0.00092542
0.00092815
0.00091644
0.00092822
0.00091719
0.00092249
0.00091546
0.00092193
0.00091600
0.00091742
0.00091498
0.00092304
0.00091377
0.00091734
0.00091654
0.00092129
0.00091415
0.00091683
0.00091422
0.00092169
0.00091722
0.00091732
0.00093686
0.00092204
0.00091550
0.00091516
0.00091276
0.00092253
0.00091362
0.00091593
0.00091264
0.00116113
0.00092746
0.00096661
0.00091772
0.00092668
0.00091805
0.00093314
0.00091833
0.00092915
0.00091683
0.00107162
0.00092502
0.00098692
0.00095963
0.00096633
0.00091482
0.00097134
0.00091510
0.00092604
0.00156590
0.00166797
0.00155524
0.00168645
0.00171184
0.00164000
0.00160718
0.00155677
0.00160091
0.00113415
0.00093669
0.00099286
0.00094209
0.00096905
0.00143381
0.00107435
0.00097699
0.00092607
0.00096623
0.00091974
0.00096207
0.00091937
0.00096417
0.00093827
0.00093899
0.00092566
0.00091592
0.00091911
0.00093065
0.00092084
0.00091558
0.00091938
0.00091740
0.00092126
0.00091746
0.00091554
0.00091567
0.00092120
0.00091343
0.00091506
0.00091350
0.00092259
0.00091387
0.00091642
0.00091373
0.00093416
0.00091625
0.00091884
0.00091539
0.00092149
0.00091807
0.00091563
0.00091426
0.00092181
0.00091564
0.00091564
0.00091770
0.00092667
0.00094198
0.00092092
0.00091813
0.00092706
0.00091349
0.00091574
0.00091437
0.00092194
0.00091443
0.00091627
0.00091521
0.00092198
0.00091407
0.00091556
0.00091460
0.00092301
0.00092308
0.00091922
0.00091810
0.00092642
0.00091797
0.00091946
0.00091861
0.00092211
0.00091449
0.00091459
0.00091284
0.00092203
0.00091425
0.00092430
0.00091512
0.00096742
0.00091440
0.00092077
0.00091527
0.00092927
0.00091556
0.00092206
0.00091683
0.00092768
0.00091464
0.00092189
0.00091601
0.00092873
0.00091723
0.00092134
0.00091586
0.00092924
0.00091517
0.00091982
0.00092296
0.00092956
0.00091624
0.00091790
0.00091796
0.00092326
0.00091562
0.00091664
0.00091603
0.00092362
0.00091639
0.00096222
0.00094738
0.00110026
0.00093492
0.00092731
0.00091755
0.00093081
0.00091589
0.00092012
0.00091283
0.00092384
0.00091420
0.00092048
0.00091164
0.00092467
0.00091273
0.00092063
0.00091233
0.00093634
0.00091591
0.00092134
0.00092160
0.00092917
0.00091635
0.00092245
0.00091733
0.00092688
0.00091506
0.00091928
0.00091231
0.00092538
0.00091386
0.00093696
0.00095311
0.00092688
0.00091443
0.00092145
0.00091312
0.00093007
0.00091343
0.00092340
0.00091422
0.00093233
0.00091451
0.00092180
0.00091584
0.00092815
0.00091540
0.00092311
0.00091416
0.00092696
0.00091275
0.00092844
0.00095905
0.00092771
0.00091583
0.00092518
0.00091511
0.00092733
0.00091468
0.00092357
0.00091485
0.00096759
0.00091017
0.00098287
0.00091292
0.00092578
0.00091117
0.00092037
0.00091071
0.00092448
0.00091114
0.00091874
0.00090963
0.00092407
0.00091062
0.00092095
0.00091108
0.00092532
0.00091258
0.00093404
0.00091894
0.00092562
0.00091566
0.00092383
0.00091251
0.00092593
0.00091277
0.00092374
0.00091226
0.00092640
0.00091330
0.00092072
0.00091351
0.00092560
0.00091186
0.00092447
0.00091535
0.00092665
0.00091505
0.00092299
0.00091223
0.00092581
0.00091315
