0.00338836
0.00646067
0.00491394
0.00514916
0.00529845
0.00522341
0.00526717
0.00535760
0.00540030
0.00515481
0.00524793
0.00505123
0.00520436
0.00504626
0.00519339
0.00502225
0.00518984
0.00502230
0.00518626
0.00502360
0.00521284
0.00503990
0.00519357
0.00504934
0.00519054
0.00504581
0.00519178
0.00502384
0.00746785
0.00519523
0.00525616
0.00507118
0.00524671
0.00505301
0.00519559
0.00565347
0.00535374
0.00542137
0.00542677
0.00565852
0.00588311
0.00508494
0.00575024
0.00520579
0.00583941
0.00556291
0.00527206
0.00559150
0.00581851
0.00555184
0.00581082
0.00518817
0.00578603
0.00573236
0.00583000
0.00560060
0.00529512
0.00558343
0.00591549
0.00539089
0.00586778
0.00544898
0.00587443
0.00584637
0.00576486
0.00561173
0.00542104
0.00563106
0.00608538
0.00545544
0.00577567
0.00524499
0.00525923
0.00571385
0.00531987
0.00530772
0.00569690
0.00534279
0.00581416
0.00516116
0.00533929
0.00570158
0.00534554
0.00550938
0.00535195
0.00512735
0.00582536
0.00512054
0.00551777
0.00558041
0.00526545
0.00559785
0.00529819
0.00000000
0.00000000
0.00000000
0.00000000
0.00172460
0.00254141
0.00243712
0.00240989
0.00233945
0.00232988
0.00236462
0.00242131
0.00242093
0.00232318
0.00234463
0.00233695
0.00234726
0.00244412
0.00230895
0.00230235
0.00000000
0.00000000
0.00000000
0.00000000
0.00149836
0.00231470
0.00271767
0.00234056
0.00234135
0.00232123
0.00235125
0.00276232
0.00233943
0.00230985
0.00230125
0.00236702
0.00243518
0.00238824
0.00234756
0.00230246
0.00236485
0.00252109
0.00246507
0.00229653
0.00232716
0.00236804
0.00229997
0.00269177
0.00231133
0.00234414
0.00231898
0.00230820
0.00282550
0.00232660
0.00232643
0.00231729
0.00230718
0.00278658
0.00232928
0.00233546
0.00233055
0.00237045
0.00272397
0.00236816
0.00233572
0.00234770
0.00236470
0.00260610
0.00237200
0.00234776
0.00233381
0.00233225
0.00243990
0.00245433
0.00229551
0.00233290
0.00231097
0.00230465
0.00000000
0.00000000
0.00000000
0.00000000
0.00165307
0.00267353
0.00265652
0.00266255
0.00273437
0.00276906
0.00266967
0.00261314
0.00263007
0.00309611
0.00265168
0.00265511
0.00269484
0.00262137
0.00300039
0.00270349
0.00265881
0.00265354
0.00296667
0.00266705
0.00261557
0.00265184
0.00262230
0.00313135
0.00263763
0.00261484
0.00263580
0.00261822
0.00278333
0.00263495
0.00261537
0.00263044
