0.00088179
0.00116674
0.00151442
0.00131865
0.00141452
0.00121834
0.00113272
0.00113135
0.00113039
0.00114456
0.00117608
0.00130731
0.00117989
0.00112632
0.00112756
0.00112454
0.00112592
0.00117323
0.00112467
0.00113637
0.00112690
0.00112658
0.00113415
0.00113035
0.00113135
0.00112693
0.00113602
0.00112477
0.00000000
0.00000000
0.00000000
0.00000000
0.00039664
0.00046667
0.00046031
0.00046271
0.00046221
0.00046723
0.00045965
0.00046162
0.00045938
0.00045948
0.00000000
0.00000000
0.00000000
0.00000000
0.00047211
0.00071579
0.00071196
0.00071376
0.00071149
0.00000000
0.00000000
0.00000000
0.00000000
0.00040780
0.00054807
0.00055359
0.00055050
0.00054681
0.00054814
0.00054887
0.00056033
0.00055046
0.00054718
0.00054732
0.00054784
0.00000000
0.00000000
0.00000000
0.00000000
0.00131447
0.00234702
0.00232698
0.00232207
0.00231831
0.00000000
0.00000000
0.00000000
0.00000000
0.00115844
0.00196859
0.00193636
0.00194507
0.00194724
0.00194983
0.00193748
0.00193872
0.00194633
0.00194941
0.00193825
0.00197844
0.00210096
0.00203811
0.00198613
0.00194384
0.00194450
0.00228866
0.00203257
0.00195384
0.00194612
0.00195866
0.00000000
0.00000000
0.00000000
0.00000000
0.00099255
0.00162955
0.00156485
0.00159091
0.00155852
0.00157233
0.00160695
0.00163101
0.00156370
0.00157109
0.00156535
0.00156876
0.00156836
0.00165319
0.00156775
0.00155985
0.00156360
0.00156206
0.00155839
0.00176405
0.00157782
0.00155590
0.00000000
0.00000000
0.00000000
0.00000000
0.00048483
0.00062025
0.00069510
0.00060652
0.00060345
0.00076170
0.00063670
0.00064810
0.00060473
0.00060176
0.00060525
0.00060578
0.00061636
0.00060470
0.00000000
0.00000000
0.00000000
0.00000000
0.00122389
0.00162082
0.00156184
0.00156472
0.00155799
0.00156707
0.00167283
0.00165475
0.00159223
0.00161134
0.00160267
0.00156474
0.00160666
0.00169906
0.00156614
0.00155672
0.00160409
0.00156358
0.00155933
0.00000000
0.00000000
0.00000000
0.00000000
0.00047318
0.00057395
0.00055225
0.00054834
0.00054915
0.00054712
0.00055093
0.00055201
0.00054769
0.00054663
0.00064245
0.00055630
0.00054787
0.00054890
0.00055014
0.00054913
0.00055407
0.00056154
0.00055083
0.00054927
0.00064184
0.00055118
0.00000000
0.00000000
0.00000000
0.00000000
0.00049733
0.00071510
0.00071969
0.00071342
0.00072573
0.00071576
0.00071094
0.00078702
0.00072292
0.00071957
0.00071255
0.00000000
0.00000000
0.00000000
0.00000000
0.00035375
0.00041135
0.00041326
0.00041218
0.00040741
0.00044765
0.00044018
0.00042142
0.00041187
0.00040867
0.00045135
0.00040801
0.00040286
0.00041246
0.00040775
0.00040837
0.00040701
0.00053881
0.00041215
0.00040822
0.00040429
0.00040772
0.00040469
0.00040921
0.00040999
0.00040681
0.00040494
0.00052782
0.00049134
0.00041418
0.00040633
0.00040779
0.00040429
0.00040754
0.00040834
0.00040756
0.00040515
0.00040441
0.00051017
0.00043168
0.00040730
0.00041364
0.00040457
0.00040479
0.00040367
0.00044337
0.00041028
0.00040611
0.00040328
0.00044508
0.00042137
0.00040808
0.00040705
