1
150.00,69.00,48.00,54.00
150.00,69.00,48.00,54.00
150.00,69.00,48.00,54.00
150.00,69.00,48.00,54.00
149.00,69.00,48.00,54.00
149.00,69.00,48.00,54.00
149.00,68.00,48.00,54.00
150.00,68.00,48.00,54.00
150.00,68.00,48.00,54.00
150.00,68.00,48.00,54.00
146.00,69.00,48.00,54.00
147.00,69.00,48.00,54.00
148.00,69.00,48.00,54.00
149.00,69.00,48.00,54.00
150.00,69.00,48.00,54.00
152.00,69.00,48.00,54.00
154.00,69.00,48.00,54.00
157.00,69.00,48.00,54.00
160.00,69.00,48.00,54.00
160.00,69.00,48.00,54.00
158.00,69.00,48.00,54.00
157.00,69.00,48.00,54.00
155.00,69.00,48.00,54.00
154.00,69.00,48.00,54.00
153.00,69.00,48.00,54.00
152.00,69.00,48.00,54.00
2
0
0
0
0
1
223.14,94.15,57.34,49.98
223.14,94.15,57.34,49.98
222.14,93.15,57.34,49.98
221.14,93.15,57.34,49.98
222.14,93.15,57.34,49.98
222.14,93.15,57.34,49.98
222.14,93.15,57.34,49.98
222.14,93.15,57.34,49.98
2
0
0
0
0
1
133.00,50.00,41.00,42.00
137.00,56.00,41.00,42.00
137.00,57.00,41.00,42.00
2
0
0
0
0
1
62.00,38.00,46.00,51.00
58.00,40.00,46.00,51.00
54.00,42.00,46.00,51.00
51.00,47.00,46.00,51.00
51.00,49.00,46.00,51.00
51.00,49.00,46.00,51.00
51.00,49.00,46.00,51.00
51.00,48.00,46.00,51.00
51.00,48.00,46.00,51.00
51.00,48.00,46.00,51.00
2
0
0
0
0
1
185.00,68.00,38.00,72.00
194.00,36.00,38.00,72.00
200.00,5.00,38.00,72.00
2
0
0
0
0
1
181.06,70.14,67.88,80.22
179.06,70.14,67.88,80.22
176.06,69.14,67.88,80.22
171.06,68.14,67.88,80.22
167.06,68.14,67.88,80.22
162.06,68.14,67.88,80.22
158.06,68.14,67.88,80.22
154.06,68.14,67.88,80.22
149.06,68.14,67.88,80.22
145.06,68.14,67.88,80.22
142.06,68.14,67.88,80.22
138.06,67.14,67.88,80.22
133.06,66.14,67.88,80.22
128.06,66.14,67.88,80.22
122.06,64.14,67.88,80.22
117.06,63.14,67.88,80.22
113.06,63.14,67.88,80.22
111.06,63.14,67.88,80.22
103.06,61.14,67.88,80.22
101.06,61.14,67.88,80.22
2
0
0
0
0
1
205.85,88.72,60.26,61.14
205.85,88.72,60.26,61.14
213.85,96.72,60.26,61.14
215.85,97.72,60.26,61.14
216.85,98.72,60.26,61.14
217.85,100.72,60.26,61.14
217.85,102.72,60.26,61.14
216.85,102.72,60.26,61.14
215.85,102.72,60.26,61.14
216.85,102.72,60.26,61.14
216.85,102.72,60.26,61.14
216.85,101.72,60.26,61.14
216.85,101.72,60.26,61.14
217.85,101.72,60.26,61.14
217.85,101.72,60.26,61.14
216.85,102.72,60.26,61.14
216.85,102.72,60.26,61.14
216.85,102.72,60.26,61.14
216.85,102.72,60.26,61.14
216.85,102.72,60.26,61.14
2
0
0
0
0
1
111.58,48.09,59.00,68.52
111.58,48.09,59.00,68.52
111.58,48.09,59.00,68.52
111.58,48.09,59.00,68.52
111.58,48.09,59.00,68.52
111.58,48.09,59.00,68.52
111.58,48.09,59.00,68.52
111.58,48.09,59.00,68.52
111.58,48.09,59.00,68.52
111.58,48.09,59.00,68.52
111.58,48.09,59.00,68.52
111.58,48.09,59.00,68.52
2
0
0
0
0
1
208.47,100.64,61.06,58.05
208.47,101.64,61.06,58.05
208.47,101.64,61.06,58.05
208.47,101.64,61.06,58.05
208.47,102.64,61.06,58.05
208.47,102.64,61.06,58.05
208.47,102.64,61.06,58.05
208.47,102.64,61.06,58.05
207.47,101.64,61.06,58.05
207.47,99.64,61.06,58.05
207.47,101.64,61.06,58.05
206.47,101.64,61.06,58.05
206.47,101.64,61.06,58.05
205.47,101.64,61.06,58.05
205.47,101.64,61.06,58.05
204.47,101.64,61.06,58.05
204.47,101.64,61.06,58.05
2
0
0
0
0
1
194.74,41.89,51.47,52.04
194.74,41.89,51.47,52.04
194.74,41.89,51.47,52.04
194.74,41.89,51.47,52.04
194.74,41.89,51.47,52.04
194.74,41.89,51.47,52.04
194.74,41.89,51.47,52.04
194.74,41.89,51.47,52.04
194.74,41.89,51.47,52.04
194.74,41.89,51.47,52.04
194.74,41.89,51.47,52.04
194.74,41.89,51.47,52.04
195.74,41.89,51.47,52.04
194.74,41.89,51.47,52.04
194.74,40.89,51.47,52.04
194.74,41.89,51.47,52.04
194.74,41.89,51.47,52.04
194.74,41.89,51.47,52.04
194.74,41.89,51.47,52.04
194.74,41.89,51.47,52.04
2
0
0
0
0
1
93.45,40.47,39.62,43.30
93.45,40.47,39.62,43.30
93.45,40.47,39.62,43.30
93.45,40.47,39.62,43.30
93.45,40.47,39.62,43.30
93.45,40.47,39.62,43.30
93.45,40.47,39.62,43.30
93.45,40.47,39.62,43.30
93.45,40.47,39.62,43.30
2
0
0
0
0
1
98.00,130.00,40.00,50.00
103.00,127.00,40.00,50.00
125.00,107.00,40.00,50.00
124.00,107.00,40.00,50.00
124.00,107.00,40.00,50.00
124.00,107.00,40.00,50.00
124.00,107.00,40.00,50.00
124.00,107.00,40.00,50.00
124.00,108.00,40.00,50.00
124.00,108.00,40.00,50.00
124.00,107.00,40.00,50.00
124.00,107.00,40.00,50.00
124.00,107.00,40.00,50.00
124.00,107.00,40.00,50.00
124.00,107.00,40.00,50.00
124.00,107.00,40.00,50.00
124.00,107.00,40.00,50.00
124.00,107.00,40.00,50.00
124.00,107.00,40.00,50.00
125.00,107.00,40.00,50.00
126.00,106.00,40.00,50.00
127.00,106.00,40.00,50.00
128.00,106.00,40.00,50.00
127.00,107.00,40.00,50.00
128.00,107.00,40.00,50.00
128.00,107.00,40.00,50.00
128.00,107.00,40.00,50.00
128.00,107.00,40.00,50.00
128.00,107.00,40.00,50.00
128.00,107.00,40.00,50.00
128.00,107.00,40.00,50.00
128.00,107.00,40.00,50.00
128.00,107.00,40.00,50.00
127.00,107.00,40.00,50.00
128.00,107.00,40.00,50.00
127.00,107.00,40.00,50.00
127.00,107.00,40.00,50.00
127.00,107.00,40.00,50.00
131.00,107.00,40.00,50.00
130.00,107.00,40.00,50.00
129.00,107.00,40.00,50.00
129.00,107.00,40.00,50.00
129.00,107.00,40.00,50.00
129.00,107.00,40.00,50.00
129.00,107.00,40.00,50.00
129.00,107.00,40.00,50.00
129.00,107.00,40.00,50.00
129.00,107.00,40.00,50.00
129.00,107.00,40.00,50.00
129.00,107.00,40.00,50.00
129.00,107.00,40.00,50.00
129.00,107.00,40.00,50.00
