0.00232383
0.00486415
0.00581604
0.00471921
0.00485375
0.00464906
0.00471115
0.00468826
0.00529358
0.00518364
0.00459267
0.00501379
0.00469759
0.00455533
0.00459963
0.00462575
0.00457654
0.00476322
0.00462044
0.00457233
0.00495729
0.00459264
0.00462576
0.00511254
0.00456970
0.00455406
0.00480648
0.00453290
0.00465279
0.00457069
0.00455003
0.00511649
0.00458487
0.00504820
0.00530993
0.00455983
0.00461236
0.00453261
0.00457974
0.00466336
0.00463006
0.00452364
0.00511829
0.00456276
0.00455812
0.00501092
0.00458727
0.00485917
0.00511561
0.00452282
0.00455968
0.00468140
0.00458208
0.00497890
0.00462286
0.00457446
0.00493262
0.00458916
0.00470552
0.00496151
0.00455773
0.00452034
0.00452486
0.00454900
0.00455284
0.00551272
0.00456429
0.00489110
0.00458574
0.00463492
0.00495027
0.00458465
0.00465001
0.00471899
0.00454096
0.00452577
0.00456861
0.00455039
0.00471847
0.00551276
0.00454596
0.00505012
0.00459770
0.00473279
0.00493731
0.00455153
0.00457232
0.00489046
0.00456443
0.00466679
0.00456767
0.00459586
0.00495923
0.00464352
0.00457528
0.00485191
0.00463592
0.00490195
0.00464551
0.00474568
0.00468483
0.00458865
0.00454548
0.00450029
0.00453956
0.00452449
0.00455124
0.00453834
0.00453642
0.00453710
0.00455232
0.00453610
0.00450424
0.00454297
0.00451413
0.00450416
0.00453535
0.00449329
0.00455476
0.00449987
0.00454114
0.00448097
0.00454309
0.00453060
0.00454078
0.00450782
0.00454568
0.00453575
0.00449163
0.00451776
0.00451983
0.00453433
0.00453171
0.00453877
0.00450592
0.00449608
0.00449914
0.00449622
0.00453982
0.00452809
0.00453814
0.00454478
0.00456545
0.00453940
0.00449044
0.00453554
0.00450641
0.00453956
0.00449989
0.00458922
0.00455200
0.00450170
0.00453646
0.00449748
0.00450084
0.00450021
0.00454542
0.00450071
0.00497225
0.00451126
0.00450144
0.00453706
0.00450043
0.00449989
0.00449043
0.00454528
0.00453771
0.00450004
0.00453699
0.00449496
0.00449856
0.00497025
0.00451422
0.00453695
0.00454733
0.00456702
0.00447927
0.00451712
0.00750794
0.00733961
0.00740923
0.00709346
0.00729716
0.00525979
0.00581061
0.00456127
0.00452626
0.00491315
0.00456654
0.00457559
0.00549346
0.00452421
0.00468400
0.00457872
0.00452588
0.00482545
0.00459741
0.00458215
0.00481591
0.00458687
0.00469852
0.00526975
0.00460577
0.00454281
0.00454694
0.00453355
0.00467637
0.00455244
0.00453599
0.00459665
0.00448502
0.00452468
0.00449357
0.00452991
0.00447904
0.00453135
0.00452021
0.00447691
0.00448022
0.00450290
0.00447766
0.00447655
0.00449881
0.00453512
0.00447648
0.00451976
0.00448462
0.00448356
0.00451928
0.00447915
0.00453289
0.00448968
0.00458887
0.00451505
0.00451945
0.00452262
0.00450601
0.00452364
0.00448986
0.00453434
0.00452367
0.00449289
0.00453731
0.00447994
0.00451550
0.00452908
0.00448156
0.00451523
0.00452069
0.00451820
0.00448495
0.00451784
0.00452398
0.00444920
0.00447880
0.00448475
0.00456911
0.00449652
0.00448805
0.00448654
0.00448703
0.00459179
0.00452411
0.00452834
0.00449126
0.00452140
0.00447712
0.00453644
0.00490628
0.00479586
0.00459264
0.00480339
0.00461608
0.00457814
0.00463227
0.00458370
0.00487258
0.00457461
0.00457596
0.00481546
0.00459687
0.00504550
0.00490523
0.00455661
0.00501870
0.00469863
0.00457089
0.00454842
0.00439997
0.00462396
0.00470584
0.00462993
0.00454305
0.00491386
0.00462637
0.00458586
0.00504894
0.00459022
0.00476355
0.00491136
0.00458460
0.00550482
0.00550358
0.00457255
0.00508060
0.00453892
0.00457495
0.00492528
0.00457729
0.00488908
0.00563021
0.00458053
0.00476000
0.00457936
0.00455776
0.00496992
0.00459527
0.00455265
0.00493712
0.00456601
0.00472091
0.00466460
0.00454963
0.00456354
0.00516102
0.00457599
0.00459935
0.00464037
0.00456562
0.00488351
0.00462264
0.00458213
0.00507464
0.00460402
0.00472842
0.00504089
0.00452960
0.00459582
0.00470769
0.00455015
0.00453846
0.00463958
0.00453195
0.00484081
0.00455266
0.00456633
0.00505568
0.00462615
0.00504325
0.00493380
0.00456048
0.00455268
0.00472406
0.00553878
0.00491959
0.00463712
0.00457483
0.00487221
0.00457114
0.00514523
0.00491423
0.00463414
0.00457628
0.00468769
0.00451809
0.00457825
0.00460420
0.00457240
0.00472197
0.00466239
0.00453340
0.00508586
0.00458986
0.00458575
0.00485309
0.00459182
0.00458094
0.00485251
0.00453020
0.00456986
0.00468672
0.00459044
0.00461457
0.00463830
0.00455859
0.00475998
0.00463782
0.00458852
0.00492630
0.00455389
0.00466482
0.00515463
0.00457935
0.00454738
0.00476502
0.00453007
0.00456244
0.00467981
0.00456975
0.00468413
0.00463166
0.00453546
0.00484130
0.00463961
0.00510718
0.00463541
0.00455719
0.00461477
0.00454386
0.00456280
0.00455386
0.00454579
0.00450691
0.00453727
0.00449915
0.00454642
0.00450783
0.00454830
0.00455156
0.00454757
0.00455540
0.00451602
0.00453624
0.00449457
0.00453732
0.00453193
0.00450319
0.00454333
0.00449212
0.00460321
0.00464282
0.00456683
0.00451727
0.00454169
0.00450127
0.00454898
0.00453489
0.00449164
0.00472673
0.00454055
0.00455106
0.00449923
0.00456247
0.00453954
0.00453453
0.00456755
0.00454729
0.00453717
0.00449574
0.00453636
0.00449583
0.00449636
0.00449665
0.00455687
0.00449975
0.00456320
0.00453774
0.00449415
0.00453780
0.00449299
0.00453826
0.00451434
0.00453989
0.00448822
0.00450224
0.00478855
0.00451774
0.00450847
0.00450267
0.00449585
0.00450019
0.00451096
0.00451746
0.00449808
0.00449300
0.00454254
0.00453776
0.00452227
0.00453790
0.00449432
0.00454085
0.00452149
0.00449890
0.00449570
0.00453430
0.00453848
0.00450375
0.00452988
0.00451763
0.00453888
0.00450783
0.00450044
0.00449422
0.00452076
0.00449353
0.00453517
0.00453789
0.00447744
0.00453714
0.00453789
0.00453557
0.00450212
0.00449690
0.00449427
0.00450643
0.00449943
0.00450242
0.00449542
0.00449427
0.00455938
0.00453666
0.00453796
0.00449720
0.00453374
0.00449675
0.00452099
0.00449435
0.00453927
0.00449975
0.00449076
0.00450458
0.00449553
0.00449599
0.00455072
0.00458158
0.00451860
0.00451170
0.00449385
0.00450457
0.00451213
0.00449539
0.00452554
0.00451653
0.00449691
0.00450567
0.00449221
0.00450108
0.00450436
0.00449531
0.00454353
0.00449386
0.00454283
0.00450596
0.00473687
0.00451044
0.00454802
0.00449557
0.00450003
0.00451198
0.00453699
0.00449967
0.00454540
0.00453146
0.00452403
0.00450293
0.00449615
0.00454865
0.00455959
0.00452667
0.00451882
0.00449809
0.00453866
0.00449996
0.00450800
0.00450863
0.00449813
0.00449646
0.00450894
0.00449666
0.00453673
0.00450652
0.00453964
0.00452590
0.00453799
0.00452523
0.00453558
0.00450174
0.00449978
0.00454910
0.00454518
0.00449109
0.00450238
0.00450261
0.00450340
0.00449094
0.00449498
0.00450750
0.00449240
0.00451034
0.00452090
0.00454606
0.00449717
0.00457404
0.00458372
0.00452246
0.00450276
0.00450098
0.00451376
0.00450098
0.00450232
0.00450572
0.00449871
0.00458428
0.00456012
0.00456331
0.00451040
0.00449546
0.00454345
0.00454968
0.00467735
0.00455207
0.00453425
0.00454142
0.00451107
0.00450187
0.00451668
0.00456156
0.00450394
0.00454123
0.00450643
0.00456107
0.00449558
0.00451684
0.00450121
0.00451104
0.00450612
0.00451893
0.00451445
0.00449483
0.00449515
0.00451004
0.00454327
0.00454385
0.00454871
0.00453449
0.00448684
0.00452193
0.00451721
0.00454682
0.00449822
0.00453668
0.00450339
0.00453862
0.00451418
0.00449166
0.00452737
0.00454171
0.00449413
0.00450150
0.00450486
0.00450506
0.00450550
0.00452029
0.00450164
0.00450061
0.00456257
0.00450095
0.00449784
0.00455544
0.00456147
0.00455416
0.00461366
0.00455988
0.00450773
0.00449588
0.00448853
0.00451195
0.00449145
0.00452146
0.00449745
0.00449719
0.00450972
0.00454428
0.00449332
0.00450667
0.00454782
0.00449279
0.00450189
0.00450215
0.00449595
0.00450729
0.00449550
0.00451205
0.00450359
0.00452699
0.00450715
0.00450299
0.00450347
0.00450985
0.00453072
0.00449639
0.00451636
0.00449730
0.00449397
0.00455172
0.00452939
0.00450434
0.00449673
0.00450463
0.00455061
0.00451768
0.00450170
0.00453173
0.00449155
0.00449867
0.00456766
0.00454585
0.00450438
0.00449403
0.00450166
0.00454905
0.00449654
0.00451788
0.00451241
0.00467366
0.00454123
0.00451775
0.00450638
0.00456643
0.00454624
0.00450371
0.00454787
0.00449601
0.00453738
0.00451040
0.00449420
0.00449621
0.00449796
0.00457596
0.00454915
0.00450082
