0.00170381
0.00490990
0.00413414
0.00323142
0.00326765
0.00317723
0.00353711
0.00329210
0.00316598
0.00320458
0.00332575
0.00321915
0.00316809
0.00315092
0.00317189
0.00315905
0.00321685
0.00320090
0.00317853
0.00000000
0.00000000
0.00000000
0.00000000
0.00091392
0.00181257
0.00176873
0.00166702
0.00169878
0.00165790
0.00165898
0.00166716
0.00165875
0.00165952
0.00165505
0.00166567
0.00165641
0.00166109
0.00165573
0.00166507
0.00166225
0.00165893
0.00000000
0.00000000
0.00000000
0.00000000
0.00122624
0.00252459
0.00253462
0.00252301
0.00247629
0.00246753
0.00247982
0.00247934
0.00246814
0.00250078
0.00248790
0.00248199
0.00248453
0.00260748
0.00252103
0.00251194
0.00253537
0.00253849
0.00252623
0.00251874
0.00247682
0.00248951
0.00248096
0.00246886
0.00247541
0.00247939
0.00245256
0.00247617
0.00248557
0.00247753
0.00249529
0.00247748
0.00248631
0.00248072
0.00249076
0.00248113
0.00251347
0.00247215
0.00247788
0.00247390
0.00247166
0.00248416
0.00243900
0.00248920
0.00247688
0.00248493
0.00249331
0.00248786
0.00249010
0.00250519
0.00248382
0.00248129
0.00252028
0.00247481
0.00248048
0.00246846
0.00247414
0.00246860
0.00247095
0.00247599
0.00248688
0.00247933
0.00250681
0.00248664
0.00249214
0.00247357
0.00274991
0.00248936
0.00252368
0.00252178
0.00252835
0.00248743
0.00247915
0.00247685
0.00247508
0.00247973
0.00248033
0.00246875
0.00248559
0.00246832
0.00247681
0.00248406
0.00248570
0.00247435
0.00247633
0.00248116
0.00248290
0.00248683
0.00251869
0.00256173
0.00253187
0.00252747
0.00248671
0.00248220
0.00256054
0.00257818
0.00247390
0.00250376
0.00248319
0.00247142
0.00248014
0.00247144
0.00248103
0.00247809
0.00261678
0.00249081
0.00248542
0.00248842
0.00248080
0.00247412
0.00248750
0.00248599
0.00248902
0.00246895
0.00248861
0.00252994
0.00273235
0.00254977
0.00257023
0.00256262
0.00252219
0.00251229
0.00252727
0.00251872
0.00253532
0.00256669
0.00249527
0.00247809
0.00248422
0.00247000
0.00248124
0.00246807
0.00246662
0.00248085
0.00247440
0.00247321
0.00248412
0.00249807
0.00247192
0.00246836
0.00249352
0.00248181
0.00248558
0.00254586
0.00248815
0.00248448
0.00249129
0.00248621
0.00247592
0.00247868
0.00248370
0.00248421
0.00249517
0.00253307
0.00255018
0.00249470
