1
263.00,119.13,113.00,81.74
262.00,120.13,113.00,81.74
260.00,121.13,113.00,81.74
258.00,122.13,113.00,81.74
257.00,123.13,113.00,81.74
256.00,123.13,113.00,81.74
254.00,124.13,113.00,81.74
253.00,124.13,113.00,81.74
252.00,124.13,113.00,81.74
252.00,124.13,113.00,81.74
252.00,124.13,113.00,81.74
252.00,124.13,113.00,81.74
252.00,124.13,113.00,81.74
252.00,124.13,113.00,81.74
252.00,124.13,113.00,81.74
252.00,124.13,113.00,81.74
252.00,124.13,113.00,81.74
252.00,124.13,113.00,81.74
252.00,124.13,113.00,81.74
252.00,124.13,113.00,81.74
252.00,124.13,113.00,81.74
252.00,123.13,113.00,81.74
252.00,123.13,113.00,81.74
252.00,123.13,113.00,81.74
250.00,123.13,113.00,81.74
248.00,123.13,113.00,81.74
246.00,123.13,113.00,81.74
244.00,122.13,113.00,81.74
241.00,120.13,113.00,81.74
239.00,119.13,113.00,81.74
236.00,117.13,113.00,81.74
233.00,116.13,113.00,81.74
2
0
0
0
0
1
349.57,141.64,118.94,94.90
346.57,140.64,118.94,94.90
344.57,139.64,118.94,94.90
342.57,138.64,118.94,94.90
340.57,138.64,118.94,94.90
338.57,138.64,118.94,94.90
337.57,138.64,118.94,94.90
335.57,138.64,118.94,94.90
334.57,138.64,118.94,94.90
332.57,138.64,118.94,94.90
331.57,138.64,118.94,94.90
329.57,138.64,118.94,94.90
328.57,138.64,118.94,94.90
327.57,138.64,118.94,94.90
326.57,138.64,118.94,94.90
325.57,137.64,118.94,94.90
323.57,135.64,118.94,94.90
321.57,133.64,118.94,94.90
319.57,131.64,118.94,94.90
315.57,128.64,118.94,94.90
313.57,125.64,118.94,94.90
309.57,122.64,118.94,94.90
306.57,118.64,118.94,94.90
301.57,115.64,118.94,94.90
297.57,112.64,118.94,94.90
293.57,108.64,118.94,94.90
288.57,105.64,118.94,94.90
284.57,102.64,118.94,94.90
280.57,99.64,118.94,94.90
276.57,97.64,118.94,94.90
272.57,95.64,118.94,94.90
268.57,94.64,118.94,94.90
264.57,93.64,118.94,94.90
260.57,92.64,118.94,94.90
256.57,92.64,118.94,94.90
252.57,92.64,118.94,94.90
248.57,92.64,118.94,94.90
244.57,92.64,118.94,94.90
2
0
0
0
0
1
353.00,136.00,22.00,51.00
351.00,136.00,22.00,51.00
350.00,137.00,22.00,51.00
349.00,138.00,22.00,51.00
348.00,140.00,22.00,51.00
348.00,142.00,22.00,51.00
348.00,143.00,22.00,51.00
347.00,144.00,22.00,51.00
347.00,145.00,22.00,51.00
347.00,146.00,22.00,51.00
347.00,147.00,22.00,51.00
347.00,148.00,22.00,51.00
347.00,150.00,22.00,51.00
347.00,153.00,22.00,51.00
347.00,156.00,22.00,51.00
347.00,158.00,22.00,51.00
347.00,159.00,22.00,51.00
347.00,161.00,22.00,51.00
347.00,163.00,22.00,51.00
347.00,165.00,22.00,51.00
347.00,167.00,22.00,51.00
347.00,169.00,22.00,51.00
2
0
0
0
0
1
331.00,136.00,19.00,36.00
332.00,137.00,19.00,36.00
332.00,138.00,19.00,36.00
331.00,139.00,19.00,36.00
331.00,139.00,19.00,36.00
331.00,139.00,19.00,36.00
331.00,139.00,19.00,36.00
331.00,139.00,19.00,36.00
331.00,139.00,19.00,36.00
331.00,139.00,19.00,36.00
332.00,139.00,19.00,36.00
332.00,140.00,19.00,36.00
332.00,140.00,19.00,36.00
333.00,140.00,19.00,36.00
331.00,140.00,19.00,36.00
330.00,140.00,19.00,36.00
328.00,140.00,19.00,36.00
326.00,140.00,19.00,36.00
325.00,141.00,19.00,36.00
325.00,141.00,19.00,36.00
325.00,141.00,19.00,36.00
324.00,141.00,19.00,36.00
325.00,141.00,19.00,36.00
325.00,141.00,19.00,36.00
325.00,141.00,19.00,36.00
326.00,141.00,19.00,36.00
327.00,140.00,19.00,36.00
327.00,139.00,19.00,36.00
326.00,139.00,19.00,36.00
325.00,139.00,19.00,36.00
324.00,139.00,19.00,36.00
324.00,139.00,19.00,36.00
324.00,139.00,19.00,36.00
324.00,139.00,19.00,36.00
324.00,139.00,19.00,36.00
324.00,139.00,19.00,36.00
324.00,139.00,19.00,36.00
324.00,139.00,19.00,36.00
324.00,139.00,19.00,36.00
324.00,139.00,19.00,36.00
324.00,139.00,19.00,36.00
324.00,139.00,19.00,36.00
324.00,139.00,19.00,36.00
324.00,139.00,19.00,36.00
324.00,139.00,19.00,36.00
323.00,139.00,19.00,36.00
323.00,140.00,19.00,36.00
323.00,141.00,19.00,36.00
322.00,142.00,19.00,36.00
321.00,142.00,19.00,36.00
320.00,142.00,19.00,36.00
319.00,143.00,19.00,36.00
319.00,143.00,19.00,36.00
319.00,143.00,19.00,36.00
320.00,143.00,19.00,36.00
320.00,144.00,19.00,36.00
320.00,144.00,19.00,36.00
320.00,144.00,19.00,36.00
320.00,144.00,19.00,36.00
320.00,144.00,19.00,36.00
320.00,144.00,19.00,36.00
320.00,144.00,19.00,36.00
320.00,144.00,19.00,36.00
320.00,144.00,19.00,36.00
320.00,144.00,19.00,36.00
320.00,145.00,19.00,36.00
2
0
0
0
0
1
355.00,118.00,72.00,26.00
355.00,118.00,72.00,26.00
355.00,118.00,72.00,26.00
355.00,118.00,72.00,26.00
355.00,117.00,72.00,26.00
355.00,117.00,72.00,26.00
355.00,117.00,72.00,26.00
354.00,117.00,72.00,26.00
353.00,117.00,72.00,26.00
353.00,117.00,72.00,26.00
352.00,117.00,72.00,26.00
352.00,117.00,72.00,26.00
352.00,117.00,72.00,26.00
352.00,117.00,72.00,26.00
351.00,117.00,72.00,26.00
350.00,117.00,72.00,26.00
347.00,118.00,72.00,26.00
344.00,120.00,72.00,26.00
340.00,123.00,72.00,26.00
336.00,125.00,72.00,26.00
2
0
0
0
0
1
406.07,96.90,72.21,44.91
404.07,98.90,72.21,44.91
403.07,99.90,72.21,44.91
401.07,101.90,72.21,44.91
399.07,103.90,72.21,44.91
398.07,104.90,72.21,44.91
396.07,106.90,72.21,44.91
394.07,107.90,72.21,44.91
392.07,109.90,72.21,44.91
391.07,111.90,72.21,44.91
390.07,114.90,72.21,44.91
389.07,115.90,72.21,44.91
387.07,117.90,72.21,44.91
385.07,119.90,72.21,44.91
384.07,120.90,72.21,44.91
383.07,122.90,72.21,44.91
383.07,124.90,72.21,44.91
383.07,124.90,72.21,44.91
383.07,125.90,72.21,44.91
382.07,126.90,72.21,44.91
381.07,127.90,72.21,44.91
381.07,128.90,72.21,44.91
381.07,129.90,72.21,44.91
379.07,129.90,72.21,44.91
377.07,129.90,72.21,44.91
375.07,129.90,72.21,44.91
373.07,129.90,72.21,44.91
372.07,130.90,72.21,44.91
371.07,132.90,72.21,44.91
371.07,135.90,72.21,44.91
2
0
0
0
0
1
452.73,129.00,42.14,54.00
450.73,132.00,42.14,54.00
448.73,134.00,42.14,54.00
446.73,135.00,42.14,54.00
445.73,137.00,42.14,54.00
445.73,138.00,42.14,54.00
447.73,139.00,42.14,54.00
448.73,139.00,42.14,54.00
446.73,139.00,42.14,54.00
445.73,139.00,42.14,54.00
444.73,139.00,42.14,54.00
442.73,140.00,42.14,54.00
440.73,140.00,42.14,54.00
439.73,140.00,42.14,54.00
437.73,140.00,42.14,54.00
436.73,140.00,42.14,54.00
436.73,140.00,42.14,54.00
436.73,141.00,42.14,54.00
437.73,141.00,42.14,54.00
437.73,141.00,42.14,54.00
438.73,141.00,42.14,54.00
437.73,141.00,42.14,54.00
437.73,141.00,42.14,54.00
437.73,141.00,42.14,54.00
436.73,141.00,42.14,54.00
435.73,141.00,42.14,54.00
435.73,141.00,42.14,54.00
436.73,141.00,42.14,54.00
436.73,141.00,42.14,54.00
435.73,141.00,42.14,54.00
435.73,142.00,42.14,54.00
435.73,143.00,42.14,54.00
435.73,143.00,42.14,54.00
434.73,144.00,42.14,54.00
435.73,145.00,42.14,54.00
435.73,146.00,42.14,54.00
435.73,147.00,42.14,54.00
434.73,148.00,42.14,54.00
433.73,148.00,42.14,54.00
430.73,149.00,42.14,54.00
427.73,150.00,42.14,54.00
423.73,151.00,42.14,54.00
420.73,152.00,42.14,54.00
423.73,155.00,42.14,54.00
427.73,156.00,42.14,54.00
428.73,157.00,42.14,54.00
424.73,159.00,42.14,54.00
418.73,160.00,42.14,54.00
413.73,161.00,42.14,54.00
409.73,162.00,42.14,54.00
407.73,165.00,42.14,54.00
408.73,167.00,42.14,54.00
408.73,169.00,42.14,54.00
409.73,172.00,42.14,54.00
410.73,174.00,42.14,54.00
410.73,175.00,42.14,54.00
410.73,176.00,42.14,54.00
411.73,177.00,42.14,54.00
410.73,177.00,42.14,54.00
409.73,176.00,42.14,54.00
408.73,176.00,42.14,54.00
406.73,179.00,42.14,54.00
405.73,179.00,42.14,54.00
406.73,178.00,42.14,54.00
406.73,177.00,42.14,54.00
