0.00107846
0.00205694
0.00185711
0.00179666
0.00189045
0.00275967
0.00188280
0.00231063
0.00184576
0.00212920
0.00208979
0.00186669
0.00177042
0.00184753
0.00185871
0.00196625
0.00179757
0.00181939
0.00180933
0.00179885
0.00212537
0.00186418
0.00178240
0.00164803
0.00180094
0.00182176
0.00177013
0.00177546
0.00176546
0.00176874
0.00176590
0.00177959
0.00175531
0.00176635
0.00000000
0.00000000
0.00000000
0.00000000
0.00239328
0.00478762
0.00459889
0.00456904
0.00456772
0.00458379
0.00457625
0.00458631
0.00461772
0.00458739
0.00458104
0.00462139
0.00457513
0.00458096
0.00460793
0.00462432
0.00462658
0.00457491
0.00458627
0.00463129
0.00458546
0.00462272
0.00457267
0.00458547
0.00457528
0.00462590
0.00457628
0.00458182
0.00462090
0.00461821
0.00457249
0.00457071
0.00458347
0.00463331
0.00458856
0.00457067
0.00456076
0.00495660
0.00461287
0.00458067
0.00000000
0.00000000
0.00000000
0.00000000
0.00046952
0.00099875
0.00103776
0.00101062
0.00101309
0.00121099
0.00106104
0.00100342
0.00099581
0.00111451
0.00106755
0.00100515
0.00104555
0.00103289
0.00108005
0.00101042
0.00104479
0.00102217
0.00110090
0.00101094
0.00104678
0.00102324
0.00110373
0.00103015
0.00000000
0.00000000
0.00000000
0.00000000
0.00036775
0.00055050
0.00072517
0.00073729
0.00073155
0.00067815
0.00072818
0.00071598
0.00075394
0.00069820
0.00071067
0.00070777
0.00074839
0.00070523
0.00070144
0.00070661
0.00070571
0.00074475
0.00074226
0.00068916
0.00073575
0.00069960
0.00077551
0.00069760
0.00070918
0.00072216
0.00079638
0.00071228
0.00070522
0.00070075
0.00071298
0.00075389
0.00072311
0.00068640
0.00073124
0.00069393
0.00076235
0.00070546
0.00071235
0.00070059
0.00075415
0.00075668
0.00072331
0.00069288
0.00070885
0.00078295
0.00072852
0.00070617
0.00072823
0.00068861
0.00079934
0.00070584
0.00069887
0.00071204
0.00128941
0.00073831
0.00072637
0.00069342
0.00073121
0.00078511
0.00072887
0.00069032
0.00072931
0.00070423
0.00079222
0.00069884
0.00074635
0.00072689
0.00000000
0.00000000
0.00000000
0.00000000
0.00183633
0.00308925
0.00328830
0.00300966
0.00307142
0.00294182
0.00327244
0.00297043
0.00301771
0.00300625
0.00293741
0.00297762
0.00302043
0.00298377
0.00318142
0.00306432
0.00300560
0.00334652
0.00302479
0.00294857
0.00339260
0.00298282
0.00000000
0.00000000
0.00000000
0.00000000
0.00138937
0.00295599
0.00301375
0.00297887
0.00300883
0.00299872
0.00293304
0.00310378
0.00299118
0.00298112
0.00306065
0.00296884
0.00293510
0.00326387
0.00301792
0.00294920
0.00348003
0.00300799
0.00316228
0.00354564
0.00296990
0.00294388
0.00321129
0.00325824
0.00300001
0.00306586
0.00301640
0.00299330
0.00411024
0.00324037
0.00328560
0.00305627
0.00000000
0.00000000
0.00000000
0.00000000
0.00086921
0.00179544
0.00183000
0.00176912
0.00181858
0.00173838
0.00179586
0.00171053
0.00139158
0.00183628
0.00173730
0.00167983
0.00168772
0.00216060
0.00169390
0.00196160
0.00168895
0.00176616
0.00167626
0.00169390
0.00182946
0.00173639
0.00168581
0.00171442
0.00214781
0.00178187
0.00172549
0.00180698
0.00170553
0.00169295
0.00170165
0.00179234
0.00170506
0.00171206
0.00172385
0.00176185
0.00171058
0.00172295
0.00170852
0.00170844
0.00169683
0.00169538
0.00169584
0.00169704
0.00169340
0.00168834
0.00174882
0.00170772
0.00171156
0.00170330
0.00169178
0.00169551
0.00169792
0.00169436
0.00170142
0.00171454
0.00169976
0.00169487
0.00170603
0.00172149
0.00170177
0.00170542
0.00169932
0.00169474
0.00169254
0.00169553
