0.00052710
0.00059529
0.00056956
0.00055340
0.00066453
0.00058075
0.00058739
0.00104806
0.00071360
0.00058509
0.00061884
0.00054803
0.00079569
0.00064986
0.00062531
0.00055085
0.00055093
0.00054615
0.00055481
0.00000000
0.00000000
0.00000000
0.00000000
0.00043344
0.00055237
0.00064062
0.00067732
0.00055682
0.00054832
0.00059252
0.00054821
0.00062106
0.00055509
0.00054528
0.00072230
0.00057636
0.00055263
0.00054789
0.00054910
0.00054674
0.00055311
0.00054759
0.00054827
0.00071972
0.00057348
0.00054952
0.00060006
0.00055337
0.00055630
0.00055785
0.00055308
0.00054982
0.00063333
0.00056735
0.00055607
0.00054799
0.00054751
0.00054895
0.00000000
0.00000000
0.00000000
0.00000000
0.00044037
0.00056825
0.00055200
0.00081714
0.00058233
0.00060951
0.00055036
0.00054949
0.00063275
0.00057881
0.00055281
0.00065092
0.00060761
0.00056075
0.00055410
0.00054865
0.00055098
0.00085312
0.00056297
0.00055333
0.00070992
0.00058332
0.00055594
0.00055047
0.00055237
0.00054729
0.00064750
0.00055575
0.00056274
0.00070381
0.00061640
0.00055563
0.00055109
0.00055419
0.00058005
0.00057106
0.00055217
0.00065170
0.00060835
0.00056726
0.00055184
0.00055061
0.00055142
0.00086688
0.00056411
0.00055694
0.00073730
0.00058794
0.00055371
0.00055324
0.00055101
0.00056953
0.00058769
0.00055444
0.00055058
0.00075302
0.00056325
0.00056435
0.00054957
0.00055768
0.00066053
0.00058090
0.00055074
0.00066624
0.00059773
0.00056177
0.00055229
0.00054976
0.00055380
0.00088748
0.00056405
0.00055260
0.00076261
0.00058009
0.00055445
0.00055160
0.00055325
0.00054790
0.00000000
0.00000000
0.00000000
0.00000000
0.00047064
0.00055527
0.00056451
0.00065618
0.00062605
0.00055065
0.00054710
0.00054899
0.00062184
0.00056708
0.00054820
0.00054956
0.00068363
0.00055543
0.00054660
0.00054816
0.00054733
0.00085184
0.00056147
0.00055346
0.00079511
0.00058925
0.00055717
0.00055063
0.00054710
0.00055876
0.00074830
0.00000000
0.00000000
0.00000000
0.00000000
0.00060406
0.00089824
0.00105379
0.00090295
0.00089697
0.00089559
0.00095351
0.00091933
0.00089379
0.00111872
0.00091712
0.00089676
0.00089117
0.00089342
0.00000000
0.00000000
0.00000000
0.00000000
0.00055849
0.00056335
0.00054708
0.00068266
0.00056090
0.00055239
0.00054696
0.00054866
0.00057131
0.00056635
0.00054925
0.00059071
0.00062878
0.00055908
0.00054503
0.00054780
0.00054471
0.00085604
0.00055569
0.00054886
0.00067726
0.00057564
0.00054792
0.00055833
0.00054355
0.00054644
0.00064944
0.00055944
0.00054663
0.00072555
0.00000000
0.00000000
0.00000000
0.00000000
0.00036593
0.00040978
0.00040853
0.00040304
0.00043058
0.00057958
0.00046528
0.00040376
0.00060366
0.00043880
0.00040970
0.00040638
0.00041456
0.00040616
0.00058566
0.00046914
0.00041531
0.00040607
0.00064683
0.00041353
0.00041949
0.00040529
0.00040771
0.00043291
0.00047270
0.00040597
0.00040669
0.00055006
0.00043370
0.00040823
0.00040633
0.00040708
0.00040712
0.00065522
0.00041843
0.00040487
0.00061846
