1
168.00,80.00,50.00,51.00
168.00,80.00,50.00,51.00
168.00,80.00,50.00,51.00
167.00,79.00,50.00,51.00
167.00,79.00,50.00,51.00
167.00,79.00,50.00,51.00
167.00,79.00,50.00,51.00
167.00,79.00,50.00,51.00
167.00,79.00,50.00,51.00
167.00,79.00,50.00,51.00
167.00,79.00,50.00,51.00
166.00,79.00,50.00,51.00
165.00,78.00,50.00,51.00
184.00,76.00,50.00,51.00
185.00,77.00,50.00,51.00
185.00,77.00,50.00,51.00
185.00,77.00,50.00,51.00
2
0
0
0
0
1
112.00,64.00,52.00,52.00
113.00,64.00,52.00,52.00
105.00,59.00,52.00,52.00
103.00,58.00,52.00,52.00
98.00,59.00,52.00,52.00
97.00,60.00,52.00,52.00
89.00,57.00,52.00,52.00
64.00,66.00,52.00,52.00
81.00,47.00,52.00,52.00
81.00,48.00,52.00,52.00
81.00,49.00,52.00,52.00
81.00,49.00,52.00,52.00
81.00,49.00,52.00,52.00
81.00,50.00,52.00,52.00
81.00,50.00,52.00,52.00
81.00,51.00,52.00,52.00
81.00,52.00,52.00,52.00
81.00,55.00,52.00,52.00
81.00,59.00,52.00,52.00
81.00,61.00,52.00,52.00
81.00,65.00,52.00,52.00
81.00,67.00,52.00,52.00
81.00,68.00,52.00,52.00
81.00,68.00,52.00,52.00
81.00,68.00,52.00,52.00
81.00,68.00,52.00,52.00
81.00,68.00,52.00,52.00
81.00,68.00,52.00,52.00
81.00,68.00,52.00,52.00
81.00,68.00,52.00,52.00
81.00,68.00,52.00,52.00
81.00,68.00,52.00,52.00
81.00,68.00,52.00,52.00
2
0
0
0
0
1
158.00,105.00,52.00,52.00
158.00,105.00,52.00,52.00
159.00,106.00,52.00,52.00
165.00,106.00,52.00,52.00
166.00,106.00,52.00,52.00
166.00,106.00,52.00,52.00
158.00,105.00,52.00,52.00
158.00,105.00,52.00,52.00
158.00,105.00,52.00,52.00
158.00,105.00,52.00,52.00
158.00,105.00,52.00,52.00
158.00,105.00,52.00,52.00
158.00,105.00,52.00,52.00
158.00,105.00,52.00,52.00
159.00,105.00,52.00,52.00
159.00,105.00,52.00,52.00
159.00,105.00,52.00,52.00
159.00,105.00,52.00,52.00
159.00,105.00,52.00,52.00
159.00,105.00,52.00,52.00
159.00,105.00,52.00,52.00
159.00,105.00,52.00,52.00
159.00,105.00,52.00,52.00
159.00,105.00,52.00,52.00
159.00,105.00,52.00,52.00
159.00,105.00,52.00,52.00
159.00,105.00,52.00,52.00
158.00,105.00,52.00,52.00
158.00,105.00,52.00,52.00
158.00,105.00,52.00,52.00
158.00,105.00,52.00,52.00
158.00,105.00,52.00,52.00
158.00,105.00,52.00,52.00
158.00,105.00,52.00,52.00
158.00,105.00,52.00,52.00
158.00,105.00,52.00,52.00
158.00,104.00,52.00,52.00
159.00,99.00,52.00,52.00
158.00,97.00,52.00,52.00
164.00,106.00,52.00,52.00
161.00,106.00,52.00,52.00
160.00,105.00,52.00,52.00
163.00,105.00,52.00,52.00
164.00,104.00,52.00,52.00
165.00,103.00,52.00,52.00
165.00,102.00,52.00,52.00
164.00,103.00,52.00,52.00
163.00,104.00,52.00,52.00
162.00,105.00,52.00,52.00
160.00,105.00,52.00,52.00
158.00,105.00,52.00,52.00
158.00,105.00,52.00,52.00
158.00,105.00,52.00,52.00
158.00,105.00,52.00,52.00
159.00,105.00,52.00,52.00
159.00,105.00,52.00,52.00
160.00,105.00,52.00,52.00
160.00,105.00,52.00,52.00
161.00,105.00,52.00,52.00
162.00,105.00,52.00,52.00
163.00,105.00,52.00,52.00
164.00,105.00,52.00,52.00
164.00,104.00,52.00,52.00
164.00,104.00,52.00,52.00
164.00,103.00,52.00,52.00
165.00,101.00,52.00,52.00
165.00,99.00,52.00,52.00
157.00,105.00,52.00,52.00
158.00,105.00,52.00,52.00
158.00,105.00,52.00,52.00
158.00,105.00,52.00,52.00
158.00,105.00,52.00,52.00
158.00,105.00,52.00,52.00
158.00,105.00,52.00,52.00
158.00,105.00,52.00,52.00
158.00,105.00,52.00,52.00
2
0
0
0
0
1
198.00,37.00,33.00,52.00
198.00,37.00,33.00,52.00
197.00,37.00,33.00,52.00
196.00,36.00,33.00,52.00
194.00,36.00,33.00,52.00
192.00,37.00,33.00,52.00
189.00,38.00,33.00,52.00
186.00,39.00,33.00,52.00
182.00,41.00,33.00,52.00
179.00,44.00,33.00,52.00
182.00,42.00,33.00,52.00
181.00,43.00,33.00,52.00
181.00,43.00,33.00,52.00
181.00,43.00,33.00,52.00
182.00,43.00,33.00,52.00
182.00,43.00,33.00,52.00
181.00,43.00,33.00,52.00
181.00,43.00,33.00,52.00
181.00,43.00,33.00,52.00
181.00,43.00,33.00,52.00
181.00,43.00,33.00,52.00
181.00,43.00,33.00,52.00
181.00,43.00,33.00,52.00
181.00,43.00,33.00,52.00
181.00,43.00,33.00,52.00
2
0
0
0
0
1
164.00,92.00,48.00,48.00
150.00,88.00,48.00,48.00
145.00,87.00,48.00,48.00
135.00,82.00,48.00,48.00
126.00,80.00,48.00,48.00
117.00,77.00,48.00,48.00
114.00,80.00,48.00,48.00
109.00,78.00,48.00,48.00
121.00,82.00,48.00,48.00
120.00,82.00,48.00,48.00
119.00,83.00,48.00,48.00
118.00,83.00,48.00,48.00
2
0
0
0
0
1
37.00,77.00,46.00,52.00
35.00,80.00,46.00,52.00
34.00,84.00,46.00,52.00
36.00,87.00,46.00,52.00
39.00,89.00,46.00,52.00
42.00,92.00,46.00,52.00
46.00,95.00,46.00,52.00
50.00,99.00,46.00,52.00
54.00,104.00,46.00,52.00
57.00,110.00,46.00,52.00
59.00,115.00,46.00,52.00
62.00,122.00,46.00,52.00
65.00,128.00,46.00,52.00
69.00,134.00,46.00,52.00
73.00,139.00,46.00,52.00
75.00,142.00,46.00,52.00
76.00,143.00,46.00,52.00
76.00,143.00,46.00,52.00
76.00,143.00,46.00,52.00
76.00,143.00,46.00,52.00
77.00,142.00,46.00,52.00
72.00,143.00,46.00,52.00
74.00,143.00,46.00,52.00
75.00,143.00,46.00,52.00
76.00,142.00,46.00,52.00
76.00,142.00,46.00,52.00
76.00,142.00,46.00,52.00
76.00,142.00,46.00,52.00
2
0
0
0
0
1
153.00,183.00,50.00,43.00
158.00,181.00,50.00,43.00
163.00,179.00,50.00,43.00
166.00,177.00,50.00,43.00
169.00,174.00,50.00,43.00
171.00,170.00,50.00,43.00
173.00,167.00,50.00,43.00
174.00,164.00,50.00,43.00
176.00,161.00,50.00,43.00
177.00,158.00,50.00,43.00
179.00,156.00,50.00,43.00
181.00,153.00,50.00,43.00
183.00,151.00,50.00,43.00
184.00,149.00,50.00,43.00
184.00,147.00,50.00,43.00
184.00,146.00,50.00,43.00
184.00,144.00,50.00,43.00
184.00,143.00,50.00,43.00
184.00,141.00,50.00,43.00
184.00,138.00,50.00,43.00
184.00,139.00,50.00,43.00
183.00,138.00,50.00,43.00
182.00,136.00,50.00,43.00
182.00,130.00,50.00,43.00
181.00,126.00,50.00,43.00
180.00,122.00,50.00,43.00
179.00,120.00,50.00,43.00
178.00,119.00,50.00,43.00
176.00,116.00,50.00,43.00
175.00,115.00,50.00,43.00
174.00,114.00,50.00,43.00
174.00,114.00,50.00,43.00
174.00,114.00,50.00,43.00
173.00,114.00,50.00,43.00
173.00,114.00,50.00,43.00
173.00,114.00,50.00,43.00
