0.00109531
0.00277045
0.00232679
0.00232135
0.00215032
0.00219712
0.00218455
0.00000000
0.00000000
0.00000000
0.00000000
0.00102893
0.00231418
0.00267448
0.00297482
0.00301835
0.00298578
0.00000000
0.00000000
0.00000000
0.00000000
0.00109217
0.00291351
0.00296603
0.00286077
0.00287991
0.00283733
0.00284192
0.00283616
0.00282888
0.00241530
0.00286936
0.00000000
0.00000000
0.00000000
0.00000000
0.00125925
0.00310411
0.00284253
0.00288074
0.00282737
0.00282041
0.00281854
0.00246605
0.00213512
0.00214190
0.00217057
0.00217815
0.00215995
0.00213758
0.00213514
0.00218431
0.00213480
0.00213305
0.00214108
0.00217910
0.00213484
0.00218486
0.00214864
0.00214023
0.00214047
0.00214543
0.00219732
0.00217237
0.00214010
0.00214067
0.00213695
0.00213128
0.00217356
0.00212759
0.00212852
0.00214649
0.00213879
0.00223807
0.00214260
0.00214444
0.00213232
0.00212813
0.00213613
0.00213505
0.00213471
0.00213847
0.00213529
0.00213538
0.00214047
0.00212618
0.00214603
0.00217712
0.00213070
0.00213525
0.00213043
0.00216793
0.00211990
0.00214129
0.00213759
0.00212755
0.00219802
0.00213759
0.00214459
0.00213702
0.00214099
0.00213469
0.00212594
0.00214347
0.00213711
0.00216226
0.00214530
0.00214238
0.00215133
0.00214195
0.00216939
0.00222365
0.00215054
0.00218683
0.00213705
0.00217808
0.00213646
0.00214173
0.00213571
0.00214378
0.00214593
0.00216881
0.00214884
0.00214083
0.00214258
0.00214935
0.00213058
0.00214878
0.00214132
0.00215282
0.00214667
0.00214085
0.00214867
0.00214121
0.00214534
0.00215249
0.00214145
0.00214824
0.00214674
0.00214424
0.00215080
0.00214177
0.00216706
0.00213917
0.00219463
0.00216142
0.00213863
0.00215282
0.00214094
0.00216710
0.00228870
0.00221552
0.00217333
0.00215925
0.00215165
0.00215243
0.00214534
0.00215562
0.00215976
0.00214619
0.00214581
0.00214072
0.00216455
0.00214279
0.00214745
0.00218931
0.00213761
0.00000000
0.00000000
0.00000000
0.00000000
0.00104900
0.00229069
0.00231419
0.00310455
0.00317422
0.00218544
0.00217098
0.00221928
0.00214901
0.00215212
0.00214417
0.00214732
0.00218584
0.00000000
0.00000000
0.00000000
0.00000000
0.00124566
0.00231608
0.00217842
0.00225533
0.00229790
0.00214809
0.00216000
0.00255155
0.00242758
0.00216553
0.00226187
0.00215264
0.00215130
0.00215778
0.00214825
0.00215116
0.00230742
0.00215272
0.00215805
0.00213778
0.00214592
0.00218043
0.00214572
0.00214646
0.00215472
0.00215304
0.00214225
0.00215213
0.00214368
0.00214477
0.00213967
0.00215022
0.00214121
0.00214855
0.00213906
0.00214680
0.00230340
0.00216389
0.00219740
0.00222639
0.00228499
0.00217450
0.00215578
0.00217488
0.00214291
0.00215188
0.00000000
0.00000000
0.00000000
0.00000000
0.00097145
0.00215724
0.00215109
0.00214186
0.00214987
0.00218210
0.00213642
0.00215027
0.00214753
0.00213980
0.00214806
0.00215223
0.00219431
0.00214617
0.00214951
0.00219069
0.00214288
0.00216611
0.00217612
0.00215017
0.00217650
0.00214243
0.00219731
0.00213925
0.00215316
0.00216189
0.00218136
0.00219207
0.00213810
0.00214379
0.00213846
0.00214474
0.00246455
0.00214043
0.00232040
0.00223875
0.00233288
0.00222131
0.00214849
0.00242086
0.00217140
0.00219336
0.00214688
0.00214886
0.00215256
0.00215694
0.00243802
0.00284353
0.00284001
0.00261679
0.00214621
0.00214286
0.00215064
0.00217500
0.00214420
0.00214709
0.00214164
0.00214122
0.00215082
0.00214026
0.00217595
0.00215089
0.00214101
0.00215234
0.00216505
0.00215110
0.00214880
0.00219164
0.00213198
0.00214597
0.00217468
0.00217864
0.00216799
0.00217794
0.00216992
0.00213838
0.00215146
0.00228799
0.00215617
0.00214039
0.00216209
0.00214348
0.00223055
0.00216175
0.00213699
0.00214629
0.00214761
0.00218313
0.00214512
0.00215491
0.00214482
0.00214103
0.00216681
0.00215718
0.00216415
0.00214248
0.00214184
0.00213324
0.00213844
0.00214821
0.00214496
0.00214594
0.00213860
0.00213377
0.00216145
0.00214579
0.00214623
0.00218289
0.00216590
0.00214224
0.00214213
0.00214720
