1
335.00,165.00,25.00,60.00
333.00,164.00,25.00,60.00
330.00,163.00,25.00,60.00
326.00,162.00,25.00,60.00
316.00,163.00,25.00,60.00
2
0
0
0
0
1
326.00,162.00,25.00,60.00
324.00,163.00,25.00,60.00
314.00,146.00,25.00,60.00
330.00,138.00,25.00,60.00
2
0
0
0
0
1
325.00,158.00,25.00,60.00
336.00,158.00,25.00,60.00
319.00,177.00,25.00,60.00
325.00,179.00,25.00,60.00
314.00,181.00,25.00,60.00
312.00,181.00,25.00,60.00
310.00,183.00,25.00,60.00
309.00,184.00,25.00,60.00
310.00,185.00,25.00,60.00
2
0
0
0
0
1
332.00,152.00,25.00,60.00
333.00,153.00,25.00,60.00
333.00,155.00,25.00,60.00
330.00,155.00,25.00,60.00
330.00,156.00,25.00,60.00
333.00,151.00,25.00,60.00
333.00,151.00,25.00,60.00
335.00,149.00,25.00,60.00
335.00,146.00,25.00,60.00
334.00,149.00,25.00,60.00
333.00,150.00,25.00,60.00
332.00,151.00,25.00,60.00
327.00,158.00,25.00,60.00
327.00,157.00,25.00,60.00
331.00,156.00,25.00,60.00
334.00,154.00,25.00,60.00
336.00,153.00,25.00,60.00
338.00,152.00,25.00,60.00
340.00,150.00,25.00,60.00
339.00,151.00,25.00,60.00
338.00,152.00,25.00,60.00
337.00,153.00,25.00,60.00
332.00,158.00,25.00,60.00
331.00,157.00,25.00,60.00
331.00,157.00,25.00,60.00
330.00,156.00,25.00,60.00
330.00,156.00,25.00,60.00
332.00,152.00,25.00,60.00
331.00,150.00,25.00,60.00
329.00,150.00,25.00,60.00
326.00,150.00,25.00,60.00
325.00,151.00,25.00,60.00
323.00,151.00,25.00,60.00
323.00,151.00,25.00,60.00
319.00,158.00,25.00,60.00
319.00,157.00,25.00,60.00
320.00,157.00,25.00,60.00
325.00,153.00,25.00,60.00
325.00,151.00,25.00,60.00
325.00,151.00,25.00,60.00
325.00,151.00,25.00,60.00
323.00,152.00,25.00,60.00
321.00,152.00,25.00,60.00
321.00,151.00,25.00,60.00
324.00,152.00,25.00,60.00
319.00,157.00,25.00,60.00
320.00,158.00,25.00,60.00
321.00,158.00,25.00,60.00
324.00,153.00,25.00,60.00
325.00,152.00,25.00,60.00
326.00,152.00,25.00,60.00
326.00,153.00,25.00,60.00
325.00,154.00,25.00,60.00
325.00,157.00,25.00,60.00
324.00,160.00,25.00,60.00
327.00,160.00,25.00,60.00
328.00,159.00,25.00,60.00
330.00,160.00,25.00,60.00
333.00,159.00,25.00,60.00
337.00,154.00,25.00,60.00
339.00,153.00,25.00,60.00
338.00,152.00,25.00,60.00
338.00,153.00,25.00,60.00
337.00,153.00,25.00,60.00
338.00,153.00,25.00,60.00
340.00,153.00,25.00,60.00
340.00,153.00,25.00,60.00
337.00,158.00,25.00,60.00
339.00,158.00,25.00,60.00
343.00,154.00,25.00,60.00
344.00,153.00,25.00,60.00
345.00,153.00,25.00,60.00
346.00,154.00,25.00,60.00
347.00,155.00,25.00,60.00
348.00,155.00,25.00,60.00
351.00,164.00,25.00,60.00
353.00,164.00,25.00,60.00
354.00,164.00,25.00,60.00
355.00,164.00,25.00,60.00
360.00,163.00,25.00,60.00
365.00,159.00,25.00,60.00
367.00,157.00,25.00,60.00
368.00,157.00,25.00,60.00
369.00,159.00,25.00,60.00
368.00,160.00,25.00,60.00
369.00,166.00,25.00,60.00
369.00,166.00,25.00,60.00
368.00,166.00,25.00,60.00
366.00,166.00,25.00,60.00
369.00,165.00,25.00,60.00
372.00,162.00,25.00,60.00
373.00,161.00,25.00,60.00
374.00,160.00,25.00,60.00
375.00,162.00,25.00,60.00
377.00,164.00,25.00,60.00
378.00,164.00,25.00,60.00
378.00,183.00,25.00,60.00
379.00,182.00,25.00,60.00
380.00,182.00,25.00,60.00
384.00,181.00,25.00,60.00
387.00,174.00,25.00,60.00
395.00,179.00,25.00,60.00
391.00,168.00,25.00,60.00
393.00,169.00,25.00,60.00
394.00,172.00,25.00,60.00
395.00,171.00,25.00,60.00
398.00,172.00,25.00,60.00
401.00,153.00,25.00,60.00
403.00,143.00,25.00,60.00
407.00,144.00,25.00,60.00
401.00,144.00,25.00,60.00
401.00,145.00,25.00,60.00
402.00,143.00,25.00,60.00
401.00,141.00,25.00,60.00
401.00,141.00,25.00,60.00
401.00,141.00,25.00,60.00
405.00,146.00,25.00,60.00
404.00,145.00,25.00,60.00
404.00,144.00,25.00,60.00
406.00,141.00,25.00,60.00
407.00,140.00,25.00,60.00
407.00,140.00,25.00,60.00
407.00,142.00,25.00,60.00
407.00,142.00,25.00,60.00
407.00,143.00,25.00,60.00
408.00,144.00,25.00,60.00
407.00,143.00,25.00,60.00
402.00,127.00,25.00,60.00
405.00,127.00,25.00,60.00
2
0
0
0
0
1
456.00,171.00,25.00,60.00
458.00,172.00,25.00,60.00
459.00,172.00,25.00,60.00
464.00,170.00,25.00,60.00
455.00,172.00,25.00,60.00
458.00,184.00,25.00,60.00
459.00,183.00,25.00,60.00
460.00,183.00,25.00,60.00
464.00,185.00,25.00,60.00
471.00,185.00,25.00,60.00
490.00,188.00,25.00,60.00
2
0
0
0
0
1
473.00,168.00,25.00,60.00
471.00,170.00,25.00,60.00
452.00,157.00,25.00,60.00
450.00,157.00,25.00,60.00
449.00,157.00,25.00,60.00
446.00,157.00,25.00,60.00
443.00,158.00,25.00,60.00
441.00,158.00,25.00,60.00
441.00,158.00,25.00,60.00
439.00,157.00,25.00,60.00
436.00,148.00,25.00,60.00
440.00,149.00,25.00,60.00
442.00,149.00,25.00,60.00
443.00,149.00,25.00,60.00
444.00,151.00,25.00,60.00
443.00,150.00,25.00,60.00
443.00,149.00,25.00,60.00
442.00,147.00,25.00,60.00
441.00,146.00,25.00,60.00
441.00,146.00,25.00,60.00
439.00,145.00,25.00,60.00
438.00,144.00,25.00,60.00
438.00,144.00,25.00,60.00
437.00,144.00,25.00,60.00
436.00,145.00,25.00,60.00
436.00,145.00,25.00,60.00
435.00,144.00,25.00,60.00
435.00,142.00,25.00,60.00
436.00,142.00,25.00,60.00
436.00,143.00,25.00,60.00
436.00,142.00,25.00,60.00
438.00,141.00,25.00,60.00
438.00,140.00,25.00,60.00
437.00,140.00,25.00,60.00
438.00,140.00,25.00,60.00
440.00,139.00,25.00,60.00
438.00,141.00,25.00,60.00
437.00,138.00,25.00,60.00
437.00,136.00,25.00,60.00
438.00,135.00,25.00,60.00
437.00,134.00,25.00,60.00
436.00,132.00,25.00,60.00
436.00,131.00,25.00,60.00
435.00,130.00,25.00,60.00
2
0
0
0
0
1
514.00,148.00,25.00,60.00
505.00,137.00,25.00,60.00
506.00,136.00,25.00,60.00
512.00,134.00,25.00,60.00
518.00,133.00,25.00,60.00
526.00,132.00,25.00,60.00
529.00,130.00,25.00,60.00
533.00,128.00,25.00,60.00
536.00,126.00,25.00,60.00
536.00,126.00,25.00,60.00
536.00,126.00,25.00,60.00
535.00,125.00,25.00,60.00
535.00,121.00,25.00,60.00
534.00,120.00,25.00,60.00
532.00,119.00,25.00,60.00
530.00,119.00,25.00,60.00
528.00,117.00,25.00,60.00
526.00,116.00,25.00,60.00
524.00,123.00,25.00,60.00
522.00,122.00,25.00,60.00
520.00,121.00,25.00,60.00
518.00,121.00,25.00,60.00
515.00,122.00,25.00,60.00
512.00,120.00,25.00,60.00
510.00,118.00,25.00,60.00
509.00,117.00,25.00,60.00
506.00,115.00,25.00,60.00
503.00,113.00,25.00,60.00
501.00,113.00,25.00,60.00
500.00,113.00,25.00,60.00
499.00,111.00,25.00,60.00
497.00,107.00,25.00,60.00
494.00,104.00,25.00,60.00
493.00,103.00,25.00,60.00
490.00,102.00,25.00,60.00
488.00,101.00,25.00,60.00
487.00,98.00,25.00,60.00
487.00,94.00,25.00,60.00
487.00,92.00,25.00,60.00
487.00,92.00,25.00,60.00
487.00,92.00,25.00,60.00
488.00,93.00,25.00,60.00
488.00,91.00,25.00,60.00
489.00,90.00,25.00,60.00
489.00,89.00,25.00,60.00
489.00,87.00,25.00,60.00
490.00,88.00,25.00,60.00
491.00,89.00,25.00,60.00
492.00,88.00,25.00,60.00
494.00,86.00,25.00,60.00
494.00,83.00,25.00,60.00
495.00,82.00,25.00,60.00
495.00,82.00,25.00,60.00
494.00,83.00,25.00,60.00
494.00,85.00,25.00,60.00
493.00,85.00,25.00,60.00
493.00,85.00,25.00,60.00
491.00,85.00,25.00,60.00
488.00,85.00,25.00,60.00
487.00,87.00,25.00,60.00
483.00,88.00,25.00,60.00
480.00,86.00,25.00,60.00
475.00,85.00,25.00,60.00
470.00,85.00,25.00,60.00
467.00,86.00,25.00,60.00
462.00,87.00,25.00,60.00
459.00,89.00,25.00,60.00
455.00,91.00,25.00,60.00
452.00,92.00,25.00,60.00
445.00,92.00,25.00,60.00
443.00,92.00,25.00,60.00
442.00,93.00,25.00,60.00
440.00,95.00,25.00,60.00
438.00,95.00,25.00,60.00
435.00,94.00,25.00,60.00
434.00,94.00,25.00,60.00
434.00,93.00,25.00,60.00
432.00,94.00,25.00,60.00
432.00,94.00,25.00,60.00
432.00,95.00,25.00,60.00
432.00,96.00,25.00,60.00
432.00,96.00,25.00,60.00
432.00,95.00,25.00,60.00
432.00,95.00,25.00,60.00
431.00,96.00,25.00,60.00
431.00,97.00,25.00,60.00
430.00,94.00,25.00,60.00
428.00,93.00,25.00,60.00
427.00,92.00,25.00,60.00
426.00,92.00,25.00,60.00
423.00,93.00,25.00,60.00
422.00,94.00,25.00,60.00
417.00,92.00,25.00,60.00
415.00,91.00,25.00,60.00
414.00,91.00,25.00,60.00
412.00,93.00,25.00,60.00
410.00,93.00,25.00,60.00
409.00,93.00,25.00,60.00
407.00,91.00,25.00,60.00
403.00,91.00,25.00,60.00
402.00,91.00,25.00,60.00
399.00,93.00,25.00,60.00
397.00,92.00,25.00,60.00
394.00,91.00,25.00,60.00
392.00,91.00,25.00,60.00
387.00,91.00,25.00,60.00
382.00,91.00,25.00,60.00
378.00,90.00,25.00,60.00
375.00,89.00,25.00,60.00
375.00,89.00,25.00,60.00
375.00,89.00,25.00,60.00
