0.00073200
0.00090581
0.00144065
0.00165315
0.00156620
0.00149764
0.00102772
0.00097335
0.00089498
0.00094223
0.00132970
0.00158130
0.00098170
0.00092235
0.00089325
0.00089085
0.00094463
0.00089405
0.00092797
0.00089334
0.00095731
0.00094743
0.00088894
0.00088747
0.00088876
0.00088759
0.00093893
0.00089383
0.00089022
0.00114673
0.00094767
0.00095016
0.00089027
0.00088978
0.00089051
0.00088598
0.00099958
0.00089048
0.00088867
0.00094761
0.00089121
0.00092467
0.00089217
0.00088938
0.00089992
0.00089029
0.00088882
0.00089092
0.00088594
0.00089237
0.00088672
0.00088744
0.00090328
0.00088578
0.00088721
0.00088716
0.00088401
0.00089951
0.00088983
0.00088524
0.00089311
0.00088870
0.00088728
0.00089233
0.00089208
0.00089454
0.00088719
0.00088790
0.00089927
0.00088944
0.00088906
0.00088832
0.00088836
0.00090302
0.00088848
0.00089211
0.00089087
0.00088662
0.00089784
0.00088878
0.00088962
0.00090127
0.00089173
0.00089057
0.00089258
0.00088959
0.00089696
0.00089246
0.00088859
0.00089081
0.00088678
0.00089532
0.00088828
0.00088793
0.00090363
0.00088823
0.00088718
0.00090180
0.00088998
0.00090098
0.00088986
0.00088609
0.00089452
0.00088774
0.00088748
0.00089253
0.00088960
0.00089423
0.00088813
0.00088657
0.00089034
0.00089150
0.00089722
0.00088842
0.00088800
0.00090625
0.00088835
0.00088867
0.00088888
0.00088637
0.00089713
0.00088660
0.00088654
0.00088894
0.00088828
0.00089364
0.00088781
0.00088777
0.00089370
0.00088747
0.00098663
0.00089465
0.00088537
0.00089565
0.00088838
0.00088779
0.00089200
0.00088637
0.00089463
0.00088849
0.00088716
0.00090306
0.00088806
0.00088498
0.00088738
0.00088688
0.00089929
0.00089068
0.00092548
0.00088834
0.00088563
0.00089411
0.00089018
0.00088721
0.00089824
0.00088528
0.00088413
0.00089021
0.00094723
0.00091155
0.00088999
0.00088611
0.00089492
0.00088553
0.00088500
0.00088862
0.00088645
0.00089733
0.00088425
0.00088624
0.00088524
0.00088798
0.00089392
0.00088858
0.00088540
0.00089429
0.00088518
0.00088614
0.00093159
0.00089205
0.00089672
0.00088760
0.00090510
0.00090139
0.00089012
0.00088660
0.00088911
0.00088645
0.00090274
0.00089145
0.00089161
0.00089153
0.00088859
0.00090218
0.00089066
0.00088893
0.00089789
0.00088748
0.00088741
0.00089099
0.00089267
0.00089808
0.00088981
0.00088736
0.00088978
0.00088884
0.00089404
0.00088921
0.00088954
0.00090078
0.00088768
0.00088798
0.00088747
0.00088970
0.00090465
0.00089070
0.00088695
0.00089088
0.00088862
0.00090689
0.00089107
0.00088717
0.00088701
0.00088899
0.00089875
0.00090281
0.00089358
0.00092621
0.00088771
0.00088766
0.00088951
0.00088870
0.00089311
0.00088622
0.00088922
0.00088917
0.00088639
0.00089633
0.00088942
0.00088605
0.00089683
0.00088628
0.00088720
0.00088862
0.00088917
0.00090524
0.00088905
0.00088965
0.00088885
0.00089097
0.00089999
0.00088714
0.00088567
0.00089663
0.00088897
0.00113267
0.00090513
0.00088977
0.00093078
0.00106093
0.00158260
0.00096325
0.00101097
0.00091607
0.00089121
0.00088982
0.00088810
0.00088805
0.00100528
0.00098199
0.00096512
0.00088986
0.00088609
0.00089185
0.00088910
0.00093786
0.00089315
0.00089033
0.00099150
0.00114132
0.00096690
0.00089447
