0.00072984
0.00099005
0.00110100
0.00111581
0.00100536
0.00094829
0.00098083
0.00097641
0.00091910
0.00093456
0.00091049
0.00090843
0.00091077
0.00092882
0.00091815
0.00090599
0.00090628
0.00090647
0.00090717
0.00091122
0.00091439
0.00094547
0.00090739
0.00090566
0.00090276
0.00091985
0.00090844
0.00090593
0.00090514
0.00090722
0.00091394
0.00090978
0.00090844
0.00091153
0.00090601
0.00090194
0.00090765
0.00090897
0.00090880
0.00090781
0.00090639
0.00091173
0.00090668
0.00091305
0.00090745
0.00090556
0.00090521
0.00090602
0.00091479
0.00091045
0.00090786
0.00090679
0.00090724
0.00090558
0.00090513
0.00091094
0.00090507
0.00091531
0.00089993
0.00090360
0.00090174
0.00090770
0.00091783
0.00090594
0.00091272
0.00090443
0.00091623
0.00090737
0.00090874
0.00090397
0.00090641
0.00091361
0.00090844
0.00092717
0.00090537
0.00090806
0.00090280
0.00090607
0.00095079
0.00091831
0.00091549
0.00090528
0.00090849
0.00090733
0.00091066
0.00091644
0.00090577
0.00090923
0.00091234
0.00090719
0.00090825
0.00090747
0.00090500
0.00090091
0.00090488
0.00090181
0.00092554
0.00091125
0.00091669
0.00090999
0.00090968
0.00090614
0.00090342
0.00000000
0.00000000
0.00000000
0.00000000
0.00075905
0.00172358
0.00180316
0.00172981
0.00172841
0.00172101
0.00171772
0.00174077
0.00175370
0.00171476
0.00172229
0.00172804
0.00172474
0.00176537
0.00171995
0.00171920
0.00174532
0.00171570
0.00171454
0.00171485
0.00172354
0.00172275
0.00171557
0.00173591
0.00172727
0.00171944
0.00171403
0.00171694
0.00173645
0.00172585
0.00171713
0.00171511
0.00172645
0.00172274
0.00171768
0.00175053
0.00171441
0.00172115
0.00171547
0.00171435
0.00171761
0.00172144
0.00171349
0.00171448
0.00173319
0.00172650
0.00171760
0.00171694
0.00172590
0.00172533
0.00171966
0.00171230
0.00172361
0.00171413
0.00172292
0.00173157
0.00172600
0.00171758
0.00171576
0.00172443
0.00173063
0.00171593
0.00171556
0.00171996
0.00171373
