0.01043810
0.01400938
0.01282166
0.01298994
0.01390556
0.01348772
0.01377486
0.01347863
0.01367758
0.01339237
0.01369814
0.01339953
0.01368392
0.01345105
0.01371275
0.01341069
0.01372803
0.01341292
0.01367201
0.01339718
0.01364330
0.01341120
0.01377845
0.01343234
0.01367791
0.01340139
0.01369725
0.01338910
0.01370489
0.01347266
0.01368685
0.01338498
0.01367741
0.01340275
0.01369846
0.01343476
0.01367714
0.01341040
0.01370987
0.01337919
0.01371890
0.01416653
0.01786464
0.01344648
0.01368748
0.01392242
0.01383121
0.01346246
0.01374115
0.01344418
0.01369170
0.01342566
0.01456810
0.01347370
0.01379960
0.01355338
0.01381096
0.01351326
0.01406497
0.01424496
0.01388785
0.01349632
0.01378912
0.01347619
0.01368642
0.01341676
0.01371869
0.01361863
0.01382886
0.01341732
0.01383123
0.02146066
0.02230139
0.01607348
0.01406459
0.01374316
0.01372446
0.01351527
0.01379744
0.01350405
0.01370957
0.01343342
0.01373654
0.01343486
0.01416250
0.01363044
0.01376233
0.01352935
0.01369219
0.01348078
0.01374885
0.01355460
0.01390813
0.01344109
0.01375015
0.01353279
0.01378789
0.01346348
0.01368959
0.01342063
0.01377609
0.01348398
0.01377408
0.01352289
0.01373106
0.01342856
0.01379836
0.01345247
0.01413939
0.01349963
0.01373683
0.01401750
0.01388857
0.01355222
0.01377465
0.01356285
0.01370851
0.01348287
0.01369679
0.01345028
0.01367609
0.01346398
0.01478501
0.01725956
0.01649218
0.01366518
0.01383227
0.01356672
0.01378025
0.01344085
0.01477884
0.01379018
0.01485580
0.01360885
0.01374982
0.01344418
0.01454340
0.01356919
0.01372899
0.01375447
0.01398058
0.01355009
0.01465996
0.01376543
0.01393566
0.01354159
0.01371958
0.01350623
0.01371516
0.01344100
0.01377646
0.01339582
0.01375884
0.01355413
0.01376630
0.01346229
0.01377140
0.01353449
0.01375109
0.01345310
0.01374329
0.01348834
0.01528820
0.01490860
0.01393364
0.01349080
0.01377800
0.01352550
0.01373262
0.01345625
0.01376905
0.01351226
0.01374061
0.01349665
0.01388861
0.01351887
0.01375040
0.01409898
0.01399608
0.01355312
0.01377396
0.01357926
0.01374912
0.01350410
0.01372294
0.01353866
0.01374315
0.01350508
0.01373273
0.01359156
0.01374536
0.01352526
0.01374595
0.01350519
0.01382010
0.01349933
0.01373674
0.01349835
0.01376738
0.01348087
0.01372258
0.01352715
0.01380088
0.01350755
0.01424247
0.01365249
0.01383562
0.01363360
0.01382564
0.01345442
0.01368242
0.01344409
0.01378074
0.01349779
0.01379217
0.01351532
0.01374714
0.01345135
0.01370334
0.01349845
0.01378215
0.01357619
0.01370902
0.01347596
0.01370270
0.01346068
0.01376738
0.01349254
0.01372945
0.01370155
0.01377042
0.01345608
0.01371292
0.01366398
0.01378739
0.01345479
0.01372053
0.01347609
0.01371212
0.01352441
0.01376241
0.01370053
0.01378553
0.01347957
0.01425446
0.01382241
0.01385096
0.01357192
0.01378061
0.01350849
0.01372980
0.01344953
0.01372431
0.01357954
0.01380632
0.01375988
0.01389875
0.01350749
0.01376025
0.01348207
0.01378336
0.01347601
0.01374813
0.01348984
0.01377965
0.01343896
0.01371529
0.01351734
0.01373588
0.01347259
0.01375950
0.01350643
0.01370987
0.01358362
0.01380608
0.01348760
0.01371097
0.01352510
0.01375429
0.01347581
0.01371732
0.01357155
0.01376049
0.01352888
0.01379175
0.01356847
0.01377605
0.01349276
0.01374629
0.01352918
0.01373818
0.01347578
0.01368969
0.01345321
0.01376118
0.01354740
0.01372735
0.01353326
0.01372775
0.01345834
0.00000000
0.00000000
0.00000000
0.00000000
0.00229684
0.00445604
0.00429655
0.00426049
0.00421682
0.00424562
0.00429194
0.00422702
0.00430414
0.00419772
0.00426593
0.00422453
0.00424920
0.00429450
0.00450049
0.00431263
0.00428253
0.00517302
0.00430151
0.00427407
0.00422950
0.00426041
0.00432692
0.00433330
0.00435318
0.00423942
0.00429377
0.00435360
0.00431750
0.00426082
0.00430246
0.00421852
0.00465030
0.00428761
0.00430603
0.00426031
0.00425619
0.00421300
0.00428805
0.00425471
0.00425354
0.00426421
0.00436131
0.00427399
0.00429461
0.00423760
0.00425107
0.00421130
0.00428908
0.00420808
0.00424461
0.00421067
0.00425185
0.00420502
0.00424610
0.00431238
0.00426420
0.00426480
0.00422165
0.00435440
0.00433754
0.00429760
0.00441857
0.00427591
0.00428051
0.00425612
0.00425372
0.00427189
0.00431803
0.00423910
0.00430234
0.00421848
0.00430645
0.00424762
0.00429875
0.00420546
0.00429934
0.00425549
0.00424603
0.00426207
0.00430831
0.00421353
0.00443920
0.00429234
0.00429264
0.00425221
0.00425059
0.00420764
0.00424115
0.00420883
0.00452392
0.00432195
0.00425978
0.00421837
0.00424367
0.00425258
0.00425794
0.00421575
0.00430207
0.00427359
0.00426488
0.00420812
0.00425544
0.00420717
0.00425000
0.00422912
0.00424473
0.00420867
0.00425767
0.00424672
0.00422226
0.00425597
0.00423232
0.00424270
0.00425791
0.00430674
0.00427276
0.00434994
0.00433634
0.00427641
0.00426987
0.00421051
0.00428831
0.00422720
0.00424761
0.00425569
0.00428776
0.00422011
0.00427121
0.00422583
0.00424836
0.00420874
0.00426497
0.00426542
0.00426064
0.00425470
0.00425525
0.00426966
0.00426641
0.00421148
0.00425072
0.00422316
0.00425018
0.00426960
0.00426400
0.00420873
0.00424791
0.00422076
0.00425085
0.00421040
0.00426229
0.00425697
0.00424887
0.00422817
0.00429546
0.00425384
0.00425976
0.00421934
0.00425159
0.00422560
0.00425354
0.00422808
0.00426146
0.00421285
0.00445782
0.00423026
0.00421413
0.00425080
0.00423567
0.00419584
0.00425937
0.00426945
0.00432332
0.00421900
0.00430034
0.00420703
0.00425007
0.00422558
0.00434798
0.00422318
0.00432091
0.00423221
0.00425023
0.00429534
0.00425779
0.00422269
0.00430182
0.00421371
0.00429135
0.00426303
0.00424018
0.00422267
0.00428353
0.00420889
0.00430043
0.00427820
