1
244.00,48.00,79.00,176.00
244.00,47.00,79.00,176.00
243.00,46.00,79.00,176.00
241.00,45.00,79.00,176.00
238.00,44.00,79.00,176.00
233.00,44.00,79.00,176.00
231.00,46.00,79.00,176.00
229.00,47.00,79.00,176.00
227.00,49.00,79.00,176.00
223.00,51.00,79.00,176.00
221.00,52.00,79.00,176.00
218.00,52.00,79.00,176.00
214.00,52.00,79.00,176.00
205.00,50.00,79.00,176.00
202.00,49.00,79.00,176.00
200.00,48.00,79.00,176.00
198.00,46.00,79.00,176.00
193.00,41.00,79.00,176.00
192.00,39.00,79.00,176.00
192.00,37.00,79.00,176.00
193.00,35.00,79.00,176.00
194.00,32.00,79.00,176.00
193.00,31.00,79.00,176.00
186.00,26.00,79.00,176.00
186.00,28.00,79.00,176.00
184.00,36.00,79.00,176.00
186.00,37.00,79.00,176.00
188.00,38.00,79.00,176.00
189.00,39.00,79.00,176.00
186.00,45.00,79.00,176.00
185.00,49.00,79.00,176.00
184.00,52.00,79.00,176.00
184.00,54.00,79.00,176.00
185.00,55.00,79.00,176.00
187.00,55.00,79.00,176.00
189.00,54.00,79.00,176.00
191.00,53.00,79.00,176.00
196.00,50.00,79.00,176.00
199.00,48.00,79.00,176.00
201.00,46.00,79.00,176.00
203.00,45.00,79.00,176.00
207.00,43.00,79.00,176.00
209.00,42.00,79.00,176.00
211.00,41.00,79.00,176.00
212.00,40.00,79.00,176.00
214.00,37.00,79.00,176.00
216.00,35.00,79.00,176.00
218.00,33.00,79.00,176.00
220.00,32.00,79.00,176.00
225.00,30.00,79.00,176.00
228.00,30.00,79.00,176.00
230.00,29.00,79.00,176.00
232.00,29.00,79.00,176.00
235.00,28.00,79.00,176.00
236.00,28.00,79.00,176.00
237.00,29.00,79.00,176.00
238.00,30.00,79.00,176.00
241.00,32.00,79.00,176.00
241.00,34.00,79.00,176.00
241.00,35.00,79.00,176.00
241.00,37.00,79.00,176.00
240.00,40.00,79.00,176.00
240.00,41.00,79.00,176.00
240.00,41.00,79.00,176.00
241.00,42.00,79.00,176.00
244.00,44.00,79.00,176.00
245.00,46.00,79.00,176.00
246.00,48.00,79.00,176.00
248.00,50.00,79.00,176.00
249.00,58.00,79.00,176.00
249.00,60.00,79.00,176.00
251.00,62.00,79.00,176.00
252.00,64.00,79.00,176.00
255.00,65.00,79.00,176.00
256.00,65.00,79.00,176.00
256.00,65.00,79.00,176.00
256.00,64.00,79.00,176.00
255.00,59.00,79.00,176.00
254.00,56.00,79.00,176.00
252.00,53.00,79.00,176.00
250.00,49.00,79.00,176.00
245.00,42.00,79.00,176.00
242.00,39.00,79.00,176.00
238.00,37.00,79.00,176.00
235.00,36.00,79.00,176.00
227.00,35.00,79.00,176.00
223.00,35.00,79.00,176.00
220.00,36.00,79.00,176.00
218.00,36.00,79.00,176.00
215.00,37.00,79.00,176.00
214.00,38.00,79.00,176.00
214.00,38.00,79.00,176.00
214.00,39.00,79.00,176.00
214.00,39.00,79.00,176.00
214.00,39.00,79.00,176.00
215.00,38.00,79.00,176.00
215.00,38.00,79.00,176.00
215.00,37.00,79.00,176.00
214.00,37.00,79.00,176.00
214.00,36.00,79.00,176.00
213.00,36.00,79.00,176.00
211.00,35.00,79.00,176.00
210.00,34.00,79.00,176.00
208.00,33.00,79.00,176.00
207.00,32.00,79.00,176.00
204.00,29.00,79.00,176.00
203.00,28.00,79.00,176.00
201.00,27.00,79.00,176.00
201.00,28.00,79.00,176.00
203.00,34.00,79.00,176.00
204.00,38.00,79.00,176.00
206.00,41.00,79.00,176.00
210.00,44.00,79.00,176.00
217.00,46.00,79.00,176.00
220.00,47.00,79.00,176.00
222.00,48.00,79.00,176.00
224.00,48.00,79.00,176.00
227.00,49.00,79.00,176.00
229.00,49.00,79.00,176.00
230.00,49.00,79.00,176.00
231.00,49.00,79.00,176.00
229.00,50.00,79.00,176.00
228.00,50.00,79.00,176.00
227.00,49.00,79.00,176.00
228.00,49.00,79.00,176.00
228.00,48.00,79.00,176.00
227.00,47.00,79.00,176.00
226.00,46.00,79.00,176.00
225.00,46.00,79.00,176.00
223.00,45.00,79.00,176.00
222.00,45.00,79.00,176.00
221.00,45.00,79.00,176.00
220.00,45.00,79.00,176.00
219.00,45.00,79.00,176.00
218.00,45.00,79.00,176.00
218.00,46.00,79.00,176.00
218.00,46.00,79.00,176.00
219.00,48.00,79.00,176.00
220.00,49.00,79.00,176.00
220.00,50.00,79.00,176.00
220.00,51.00,79.00,176.00
221.00,55.00,79.00,176.00
221.00,57.00,79.00,176.00
221.00,59.00,79.00,176.00
221.00,62.00,79.00,176.00
220.00,67.00,79.00,176.00
219.00,68.00,79.00,176.00
218.00,69.00,79.00,176.00
217.00,70.00,79.00,176.00
216.00,71.00,79.00,176.00
216.00,71.00,79.00,176.00
216.00,71.00,79.00,176.00
216.00,71.00,79.00,176.00
215.00,72.00,79.00,176.00
213.00,72.00,79.00,176.00
211.00,73.00,79.00,176.00
208.00,74.00,79.00,176.00
204.00,77.00,79.00,176.00
202.00,78.00,79.00,176.00
201.00,79.00,79.00,176.00
201.00,80.00,79.00,176.00
200.00,79.00,79.00,176.00
198.00,79.00,79.00,176.00
197.00,79.00,79.00,176.00
195.00,79.00,79.00,176.00
192.00,77.00,79.00,176.00
191.00,77.00,79.00,176.00
189.00,76.00,79.00,176.00
185.00,76.00,79.00,176.00
175.00,76.00,79.00,176.00
172.00,75.00,79.00,176.00
169.00,75.00,79.00,176.00
167.00,76.00,79.00,176.00
165.00,79.00,79.00,176.00
164.00,81.00,79.00,176.00
165.00,84.00,79.00,176.00
166.00,87.00,79.00,176.00
167.00,90.00,79.00,176.00
171.00,97.00,79.00,176.00
173.00,99.00,79.00,176.00
174.00,100.00,79.00,176.00
175.00,101.00,79.00,176.00
179.00,100.00,79.00,176.00
182.00,100.00,79.00,176.00
186.00,100.00,79.00,176.00
191.00,99.00,79.00,176.00
201.00,99.00,79.00,176.00
206.00,99.00,79.00,176.00
210.00,98.00,79.00,176.00
213.00,97.00,79.00,176.00
214.00,96.00,79.00,176.00
213.00,96.00,79.00,176.00
213.00,96.00,79.00,176.00
213.00,96.00,79.00,176.00
214.00,98.00,79.00,176.00
215.00,99.00,79.00,176.00
216.00,100.00,79.00,176.00
217.00,101.00,79.00,176.00
219.00,103.00,79.00,176.00
220.00,104.00,79.00,176.00
221.00,104.00,79.00,176.00
222.00,105.00,79.00,176.00
223.00,106.00,79.00,176.00
223.00,107.00,79.00,176.00
224.00,107.00,79.00,176.00
224.00,108.00,79.00,176.00
225.00,108.00,79.00,176.00
225.00,108.00,79.00,176.00
225.00,108.00,79.00,176.00
225.00,108.00,79.00,176.00
225.00,110.00,79.00,176.00
225.00,111.00,79.00,176.00
225.00,112.00,79.00,176.00
226.00,113.00,79.00,176.00
227.00,114.00,79.00,176.00
228.00,115.00,79.00,176.00
229.00,116.00,79.00,176.00
230.00,118.00,79.00,176.00
236.00,121.00,79.00,176.00
238.00,122.00,79.00,176.00
241.00,123.00,79.00,176.00
245.00,124.00,79.00,176.00
242.00,125.00,79.00,176.00
246.00,126.00,79.00,176.00
247.00,127.00,79.00,176.00
246.00,127.00,79.00,176.00
241.00,129.00,79.00,176.00
239.00,130.00,79.00,176.00
238.00,130.00,79.00,176.00
237.00,130.00,79.00,176.00
235.00,131.00,79.00,176.00
234.00,132.00,79.00,176.00
234.00,133.00,79.00,176.00
233.00,134.00,79.00,176.00
230.00,135.00,79.00,176.00
228.00,135.00,79.00,176.00
226.00,135.00,79.00,176.00
224.00,135.00,79.00,176.00
222.00,135.00,79.00,176.00
223.00,135.00,79.00,176.00
226.00,135.00,79.00,176.00
229.00,135.00,79.00,176.00
235.00,134.00,79.00,176.00
239.00,133.00,79.00,176.00
243.00,132.00,79.00,176.00
246.00,131.00,79.00,176.00
247.00,130.00,79.00,176.00
248.00,129.00,79.00,176.00
249.00,129.00,79.00,176.00
251.00,129.00,79.00,176.00
255.00,129.00,79.00,176.00
258.00,127.00,79.00,176.00
261.00,127.00,79.00,176.00
265.00,126.00,79.00,176.00
274.00,124.00,79.00,176.00
278.00,123.00,79.00,176.00
281.00,122.00,79.00,176.00
283.00,121.00,79.00,176.00
281.00,118.00,79.00,176.00
277.00,116.00,79.00,176.00
273.00,114.00,79.00,176.00
270.00,114.00,79.00,176.00
283.00,112.00,79.00,176.00
290.00,111.00,79.00,176.00
297.00,109.00,79.00,176.00
299.00,107.00,79.00,176.00
310.00,105.00,79.00,176.00
314.00,103.00,79.00,176.00
318.00,102.00,79.00,176.00
322.00,100.00,79.00,176.00
322.00,96.00,79.00,176.00
323.00,95.00,79.00,176.00
318.00,92.00,79.00,176.00
309.00,89.00,79.00,176.00
314.00,88.00,79.00,176.00
314.00,86.00,79.00,176.00
318.00,87.00,79.00,176.00
319.00,85.00,79.00,176.00
325.00,87.00,79.00,176.00
322.00,85.00,79.00,176.00
319.00,83.00,79.00,176.00
316.00,81.00,79.00,176.00
312.00,77.00,79.00,176.00
311.00,75.00,79.00,176.00
309.00,73.00,79.00,176.00
308.00,71.00,79.00,176.00
306.00,67.00,79.00,176.00
306.00,65.00,79.00,176.00
307.00,63.00,79.00,176.00
308.00,61.00,79.00,176.00
312.00,56.00,79.00,176.00
314.00,54.00,79.00,176.00
317.00,51.00,79.00,176.00
319.00,49.00,79.00,176.00
325.00,45.00,79.00,176.00
328.00,43.00,79.00,176.00
331.00,41.00,79.00,176.00
335.00,39.00,79.00,176.00
2
0
0
0
0
1
269.00,54.00,72.00,116.00
269.00,55.00,72.00,116.00
268.00,57.00,72.00,116.00
268.00,58.00,72.00,116.00
267.00,60.00,72.00,116.00
266.00,61.00,72.00,116.00
263.00,64.00,72.00,116.00
260.00,65.00,72.00,116.00
257.00,66.00,72.00,116.00
254.00,68.00,72.00,116.00
248.00,71.00,72.00,116.00
245.00,73.00,72.00,116.00
241.00,74.00,72.00,116.00
238.00,75.00,72.00,116.00
234.00,77.00,72.00,116.00
232.00,78.00,72.00,116.00
230.00,78.00,72.00,116.00
229.00,79.00,72.00,116.00
227.00,78.00,72.00,116.00
226.00,77.00,72.00,116.00
226.00,77.00,72.00,116.00
226.00,76.00,72.00,116.00
226.00,74.00,72.00,116.00
226.00,74.00,72.00,116.00
226.00,73.00,72.00,116.00
227.00,72.00,72.00,116.00
228.00,70.00,72.00,116.00
229.00,69.00,72.00,116.00
230.00,68.00,72.00,116.00
231.00,67.00,72.00,116.00
233.00,66.00,72.00,116.00
233.00,65.00,72.00,116.00
232.00,64.00,72.00,116.00
232.00,63.00,72.00,116.00
232.00,64.00,72.00,116.00
230.00,63.00,72.00,116.00
228.00,63.00,72.00,116.00
225.00,62.00,72.00,116.00
219.00,62.00,72.00,116.00
216.00,62.00,72.00,116.00
212.00,62.00,72.00,116.00
209.00,63.00,72.00,116.00
204.00,65.00,72.00,116.00
201.00,67.00,72.00,116.00
198.00,68.00,72.00,116.00
196.00,69.00,72.00,116.00
191.00,70.00,72.00,116.00
189.00,71.00,72.00,116.00
187.00,72.00,72.00,116.00
185.00,72.00,72.00,116.00
182.00,73.00,72.00,116.00
181.00,74.00,72.00,116.00
181.00,74.00,72.00,116.00
180.00,75.00,72.00,116.00
178.00,76.00,72.00,116.00
177.00,75.00,72.00,116.00
176.00,75.00,72.00,116.00
175.00,75.00,72.00,116.00
173.00,75.00,72.00,116.00
174.00,75.00,72.00,116.00
176.00,75.00,72.00,116.00
178.00,75.00,72.00,116.00
185.00,75.00,72.00,116.00
189.00,75.00,72.00,116.00
193.00,75.00,72.00,116.00
198.00,75.00,72.00,116.00
211.00,76.00,72.00,116.00
218.00,77.00,72.00,116.00
225.00,79.00,72.00,116.00
232.00,81.00,72.00,116.00
244.00,85.00,72.00,116.00
248.00,87.00,72.00,116.00
251.00,90.00,72.00,116.00
253.00,91.00,72.00,116.00
254.00,93.00,72.00,116.00
253.00,95.00,72.00,116.00
251.00,97.00,72.00,116.00
249.00,100.00,72.00,116.00
246.00,103.00,72.00,116.00
240.00,104.00,72.00,116.00
238.00,106.00,72.00,116.00
235.00,109.00,72.00,116.00
231.00,111.00,72.00,116.00
224.00,112.00,72.00,116.00
221.00,114.00,72.00,116.00
217.00,115.00,72.00,116.00
210.00,115.00,72.00,116.00
225.00,135.00,72.00,116.00
209.00,100.00,72.00,116.00
206.00,89.00,72.00,116.00
201.00,84.00,72.00,116.00
193.00,84.00,72.00,116.00
192.00,84.00,72.00,116.00
195.00,84.00,72.00,116.00
188.00,86.00,72.00,116.00
190.00,87.00,72.00,116.00
188.00,84.00,72.00,116.00
187.00,82.00,72.00,116.00
188.00,79.00,72.00,116.00
186.00,72.00,72.00,116.00
186.00,68.00,72.00,116.00
180.00,65.00,72.00,116.00
177.00,61.00,72.00,116.00
178.00,53.00,72.00,116.00
195.00,49.00,72.00,116.00
195.00,47.00,72.00,116.00
195.00,45.00,72.00,116.00
200.00,42.00,72.00,116.00
202.00,43.00,72.00,116.00
205.00,45.00,72.00,116.00
208.00,46.00,72.00,116.00
213.00,48.00,72.00,116.00
216.00,49.00,72.00,116.00
219.00,50.00,72.00,116.00
221.00,51.00,72.00,116.00
223.00,52.00,72.00,116.00
223.00,52.00,72.00,116.00
221.00,52.00,72.00,116.00
219.00,52.00,72.00,116.00
213.00,52.00,72.00,116.00
210.00,53.00,72.00,116.00
208.00,53.00,72.00,116.00
207.00,53.00,72.00,116.00
206.00,53.00,72.00,116.00
207.00,53.00,72.00,116.00
208.00,52.00,72.00,116.00
210.00,50.00,72.00,116.00
211.00,44.00,72.00,116.00
212.00,40.00,72.00,116.00
212.00,36.00,72.00,116.00
212.00,31.00,72.00,116.00
210.00,22.00,72.00,116.00
208.00,17.00,72.00,116.00
205.00,13.00,72.00,116.00
202.00,9.00,72.00,116.00
194.00,4.00,72.00,116.00
191.00,1.00,72.00,116.00
188.00,-1.00,72.00,116.00
186.00,-3.00,72.00,116.00
183.00,-4.00,72.00,116.00
181.00,-5.00,72.00,116.00
180.00,-5.00,72.00,116.00
179.00,-5.00,72.00,116.00
178.00,-4.00,72.00,116.00
178.00,-4.00,72.00,116.00
177.00,-3.00,72.00,116.00
177.00,-3.00,72.00,116.00
178.00,-3.00,72.00,116.00
179.00,-4.00,72.00,116.00
179.00,-5.00,72.00,116.00
180.00,-7.00,72.00,116.00
183.00,-13.00,72.00,116.00
184.00,-15.00,72.00,116.00
185.00,-16.00,72.00,116.00
186.00,-17.00,72.00,116.00
186.00,-12.00,72.00,116.00
188.00,-10.00,72.00,116.00
190.00,-7.00,72.00,116.00
192.00,-4.00,72.00,116.00
198.00,2.00,72.00,116.00
200.00,5.00,72.00,116.00
201.00,8.00,72.00,116.00
203.00,12.00,72.00,116.00
203.00,15.00,72.00,116.00
202.00,16.00,72.00,116.00
201.00,16.00,72.00,116.00
200.00,15.00,72.00,116.00
198.00,13.00,72.00,116.00
197.00,12.00,72.00,116.00
196.00,11.00,72.00,116.00
195.00,12.00,72.00,116.00
194.00,15.00,72.00,116.00
193.00,17.00,72.00,116.00
194.00,5.00,72.00,116.00
193.00,6.00,72.00,116.00
191.00,10.00,72.00,116.00
190.00,12.00,72.00,116.00
190.00,14.00,72.00,116.00
190.00,16.00,72.00,116.00
190.00,19.00,72.00,116.00
190.00,21.00,72.00,116.00
191.00,22.00,72.00,116.00
191.00,23.00,72.00,116.00
191.00,25.00,72.00,116.00
191.00,25.00,72.00,116.00
191.00,26.00,72.00,116.00
191.00,27.00,72.00,116.00
191.00,29.00,72.00,116.00
191.00,30.00,72.00,116.00
192.00,31.00,72.00,116.00
193.00,32.00,72.00,116.00
195.00,34.00,72.00,116.00
196.00,34.00,72.00,116.00
197.00,35.00,72.00,116.00
198.00,35.00,72.00,116.00
