0.00151412
0.00369623
0.00386723
0.00296612
0.00307347
0.00321442
0.00297160
0.00296913
0.00292106
0.00293408
0.00316141
0.00298893
0.00297326
0.00294834
0.00291425
0.00291642
0.00290474
0.00293421
0.00295255
0.00291865
0.00291283
0.00291133
0.00290591
0.00295862
0.00291286
0.00291062
0.00290905
0.00304223
0.00292264
0.00292887
0.00295168
0.00293040
0.00290225
0.00290391
0.00296014
0.00296449
0.00290981
0.00301372
0.00293275
0.00297400
0.00291493
0.00296253
0.00291858
0.00292086
0.00291483
0.00296368
0.00295242
0.00291674
0.00294124
0.00291523
0.00292016
0.00296205
0.00297292
0.00291767
0.00290716
0.00291457
0.00291059
0.00295127
0.00291176
0.00292362
0.00290161
0.00318039
0.00306246
0.00299448
0.00295813
0.00301437
0.00299891
0.00305065
0.00362423
0.00300931
0.00299228
0.00296514
0.00359364
0.00294947
0.00296703
0.00331376
0.00296448
0.00344615
0.00312199
0.00303705
0.00292716
0.00295626
0.00294620
0.00301349
0.00319618
0.00343616
0.00302712
0.00298895
0.00295559
0.00323016
0.00296350
0.00300562
0.00301844
0.00295989
0.00292821
0.00295360
0.00303312
0.00298828
0.00291394
0.00295658
0.00290393
0.00291126
0.00296760
0.00295403
0.00290734
0.00291365
0.00290270
0.00290718
0.00296442
0.00296738
0.00290931
0.00297100
0.00298862
0.00297019
0.00295063
0.00291193
0.00290757
0.00291391
0.00290220
0.00292508
0.00295266
0.00291704
0.00290617
0.00289718
0.00290483
0.00291956
0.00296774
0.00291572
0.00291437
0.00291650
0.00289779
0.00295728
0.00290733
0.00292160
0.00290953
0.00290834
0.00290935
0.00295589
0.00297227
0.00291222
0.00290714
0.00290255
0.00289900
0.00292400
0.00291094
0.00290368
0.00291286
0.00291062
0.00294904
0.00295459
0.00295845
0.00294242
0.00290823
0.00292245
0.00291277
0.00295587
0.00291121
0.00291795
0.00290067
0.00290480
0.00291450
0.00294405
0.00290825
0.00291592
0.00290286
0.00379516
0.00291811
0.00293775
0.00290041
0.00290531
0.00301165
0.00295689
0.00351138
0.00351889
0.00296809
0.00347193
0.00322759
0.00304570
0.00295518
0.00296493
0.00388702
0.00299935
0.00311870
0.00345377
0.00298238
0.00299589
0.00323473
0.00297897
0.00293246
0.00305992
0.00300560
0.00295796
0.00343629
0.00323137
0.00291356
0.00292301
0.00292232
0.00302200
0.00298528
0.00299496
0.00322482
0.00295619
0.00297611
0.00330278
0.00296134
0.00293944
0.00291607
0.00306861
0.00296360
0.00326689
0.00338718
0.00302066
0.00301528
0.00295743
0.00297144
0.00300799
0.00297119
0.00346330
0.00294101
0.00305343
0.00312161
0.00302530
0.00296827
0.00295652
0.00307126
0.00300203
0.00296535
0.00324185
0.00302139
0.00303407
0.00293503
0.00298099
0.00291498
0.00299370
0.00338852
0.00301259
0.00300507
0.00313057
0.00304803
0.00297281
0.00293568
0.00303931
0.00298544
0.00296621
0.00353312
0.00296854
0.00308423
0.00312759
0.00298682
0.00294266
0.00301017
0.00316937
0.00293955
0.00322717
0.00340844
0.00300709
0.00290448
0.00294866
0.00299031
0.00300043
0.00297271
0.00344689
0.00293656
0.00347782
0.00305570
0.00298627
0.00291884
0.00303078
0.00303896
0.00297929
0.00332180
0.00316727
0.00294492
0.00295186
0.00311030
0.00298182
0.00291868
0.00298540
0.00323684
0.00294945
0.00301930
0.00319754
0.00296406
0.00297355
0.00293308
0.00306610
0.00293598
0.00298590
0.00342183
0.00301008
0.00302490
0.00297376
0.00297427
0.00297811
0.00297201
0.00313223
0.00294281
0.00298381
0.00316079
0.00307970
0.00297366
0.00294922
0.00302569
0.00301731
0.00300007
0.00335839
0.00294352
0.00299983
0.00298413
0.00300642
0.00292346
0.00299452
0.00316587
0.00295429
0.00305819
0.00336708
0.00302134
0.00295381
0.00294039
0.00312270
0.00296838
0.00299667
0.00334807
0.00295995
0.00345453
0.00335491
0.00299824
0.00296911
0.00298109
0.00310714
0.00292117
0.00294899
0.00391851
0.00301675
0.00324157
0.00321033
0.00293233
0.00292929
0.00292274
0.00299148
0.00294489
0.00293267
0.00291716
0.00291789
0.00290391
0.00295486
0.00291104
0.00291916
0.00290142
0.00291499
0.00291052
0.00291919
0.00292975
0.00292210
0.00290031
0.00291196
0.00290755
0.00293173
0.00290686
0.00290200
0.00290697
0.00295230
0.00295065
0.00291570
0.00290690
0.00290144
0.00291140
0.00291104
0.00295016
0.00295642
0.00291067
