0.00327140
0.00737759
0.00605566
0.00619494
0.00598846
0.00597076
0.00594004
0.00671133
0.00600547
0.00597530
0.00607438
0.00596047
0.00594300
0.00594176
0.00592957
0.00592884
0.00597819
0.00596442
0.00591927
0.00592015
0.00592907
0.00595409
0.00595913
0.00599061
0.00597135
0.00595121
0.00596363
0.00591690
0.00596428
0.00605725
0.00596608
0.00592043
0.00591597
0.00591874
0.00596222
0.00595344
0.00599631
0.00597903
0.00596105
0.00596116
0.00595418
0.00595886
0.00592253
0.00592132
0.00596720
0.00595239
0.00591635
0.00596628
0.00592196
0.00596027
0.00595875
0.00593240
0.00631133
0.00690486
0.00599554
0.00597036
0.00596943
0.00595620
0.00598462
0.00584117
0.00594195
0.00603447
0.00592763
0.00607630
0.00592787
0.00601174
0.00599034
0.00597895
0.00594189
0.00597139
0.00602214
0.00592555
0.00594041
0.00602989
0.00602065
0.00597286
0.00963039
0.00712898
0.00601160
0.00593806
0.00600508
0.00623502
0.00597303
0.00593456
0.00598086
0.00977455
0.01071790
0.01011525
0.00833632
0.00696026
0.00607024
0.00602209
0.00600962
0.00000000
0.00000000
0.00000000
0.00000000
0.00298481
0.00598389
0.00595080
0.00596425
0.00595162
0.00591655
0.00590544
0.00590856
0.00635407
0.00627806
0.00597815
0.00596154
0.00598245
0.00670101
0.00628540
0.00667614
0.00698050
0.00600666
0.00601376
0.00596244
0.00595999
0.00595040
0.00596161
0.00598954
0.00599203
0.00594200
0.00595785
0.00594685
0.00597293
0.00596845
0.00634269
0.00690262
0.00655448
0.00601222
0.00602857
0.00597395
0.00600644
0.00599338
0.00600525
0.00592883
0.00596011
0.00591467
0.00598355
0.00600737
0.00591456
0.00595176
0.00598157
0.00595645
0.00596020
0.00612785
0.00601635
0.00601704
0.00596964
0.00596767
0.00602363
0.00595879
0.00630572
0.00691091
0.00597356
0.00619062
0.00600156
0.00607104
0.00592776
0.00591453
0.00591470
0.00595585
0.00600206
0.00595614
0.00596378
0.00592578
0.00595135
0.00596861
0.00597351
0.00591250
0.00594333
0.00595735
0.00596115
0.00595317
0.00600748
0.00595684
0.00595441
0.00596979
0.00598815
0.00596582
0.00596062
0.00595914
0.00596766
0.00594917
0.00593070
0.00597514
0.00602743
0.00595679
0.00596495
0.00596250
0.00595953
0.00596040
0.00596990
0.00597721
0.00595443
0.00599267
0.00659744
0.00595671
0.00612916
0.00598669
0.00599011
0.00609084
0.00596220
0.00597316
0.00594040
0.00592309
0.00591868
0.00596082
0.00600734
0.00595658
0.00596238
0.00592365
0.00592703
0.00597142
0.00593358
0.00592896
0.00591761
0.00600753
0.00597789
0.00596682
0.00596413
0.00593711
0.00592815
0.00591994
0.00597995
0.00600985
0.00597052
0.00607282
0.00599780
0.00591657
0.00596512
0.00598044
0.00605230
0.00000000
0.00000000
0.00000000
0.00000000
0.00305372
0.00633004
0.00602320
0.00597804
0.00627106
0.00597558
0.00595361
0.00597287
0.00592055
0.00598142
0.00593596
0.00591955
0.00596771
0.00592014
0.00593917
0.00591326
0.00595162
0.00597360
0.00595476
0.00592528
0.00592791
0.00600549
0.00596537
0.00591927
0.00592796
0.00591401
0.00593505
0.00592455
0.00591756
0.00594686
0.00591735
0.00592573
0.00596264
0.00596661
0.00596305
0.00595542
0.00596718
0.00591811
0.00601329
0.00592174
0.00593411
0.00591782
0.00591013
0.00592631
0.00591384
0.00592661
0.00597679
0.00592379
0.00595828
0.00591846
0.00593176
0.00592645
0.00594448
0.00591713
0.00593375
0.00596530
0.00599251
0.00593328
0.00592253
0.00597183
0.00592107
0.00592727
0.00596835
0.00591622
0.00598729
0.00600958
0.00593024
0.00597154
0.00601461
0.00592664
0.00591653
0.00593887
0.00591422
0.00591173
0.00592369
0.00591434
0.00596877
0.00596413
0.00594182
0.00591820
0.00592320
0.00592880
0.00591181
0.00596749
0.00591938
0.00600531
0.00591663
0.00596364
0.00598452
0.00592555
0.00595034
0.00596277
0.00592917
0.00594288
0.00596095
0.00596830
0.00595618
0.00597779
0.00600382
0.00592320
0.00592830
0.00592396
0.00596849
0.00596034
0.00598127
0.00596655
0.00592369
0.00597081
0.00600754
0.00596612
0.00598127
0.00597512
0.00596099
0.00596918
0.00597830
0.00597914
0.00592630
0.00597366
0.00599247
0.00596332
0.00591479
0.00593443
0.00591654
0.00597085
0.00592945
0.00592610
0.00593260
0.00592170
0.00593500
0.00595951
0.00596821
0.00597251
0.00599075
0.00595199
0.00596434
0.00628752
0.00638763
0.00601670
0.00596711
0.00597831
0.00600830
0.00680981
0.00592737
0.00597109
0.00598126
0.00597048
0.00592915
0.00652278
0.00612315
0.00640559
0.00603693
0.00599093
0.00597612
0.00598062
0.00603478
0.00599093
0.00593065
0.00596037
0.00592471
0.00593412
0.00592317
0.00591543
0.00597166
0.00591003
0.00596065
0.00597185
0.00599690
0.00592638
0.00595091
0.00000000
0.00000000
0.00000000
0.00000000
0.00156987
0.00311094
0.00315770
0.00315464
