0.00089693
0.00143717
0.00093294
0.00091271
0.00095839
0.00090428
0.00094894
0.00091419
0.00090033
0.00089856
0.00089928
0.00089613
0.00089856
0.00089665
0.00097997
0.00090841
0.00089722
0.00090709
0.00089950
0.00089722
0.00089865
0.00089942
0.00089687
0.00092852
0.00095713
0.00089791
0.00090457
0.00090170
0.00095579
0.00090114
0.00090052
0.00107345
0.00090096
0.00089735
0.00089668
0.00090376
0.00089611
0.00090169
0.00089707
0.00090523
0.00089495
0.00089717
0.00089756
0.00089813
0.00089672
0.00089784
0.00089615
0.00089704
0.00090267
0.00089797
0.00090273
0.00089671
0.00090575
0.00089745
0.00089714
0.00089742
0.00089984
0.00089962
0.00090155
0.00089840
0.00090471
0.00090576
0.00089972
0.00090401
0.00089653
0.00090656
0.00089845
0.00089887
0.00089824
0.00089654
0.00089796
0.00089833
0.00089645
0.00089736
0.00090388
0.00089631
0.00090318
0.00089869
0.00090120
0.00089652
0.00089643
0.00089501
0.00089758
0.00089679
0.00089841
0.00089932
0.00089771
0.00090215
0.00089819
0.00090195
0.00090014
0.00090477
0.00090055
0.00090176
0.00089708
0.00089882
0.00089804
0.00089963
0.00089760
0.00089666
0.00089775
0.00089799
0.00090127
0.00091370
0.00090467
0.00089562
0.00090202
0.00089632
0.00089841
0.00089673
0.00089696
0.00089700
0.00089720
0.00089672
0.00089866
0.00089448
0.00089730
0.00090278
0.00089843
0.00094553
0.00108664
0.00097954
0.00090058
0.00089882
0.00089828
0.00089877
0.00090374
0.00089550
0.00090593
0.00089820
0.00090307
0.00089620
0.00089717
0.00089734
0.00091240
0.00089701
0.00089654
0.00089821
0.00089850
0.00090208
0.00089691
0.00090388
0.00089684
0.00000000
0.00000000
0.00000000
0.00000000
0.00095801
0.00162023
0.00157378
0.00156471
0.00156570
0.00155907
0.00155968
0.00156512
0.00155753
0.00155690
0.00156479
0.00156836
0.00155755
0.00155863
0.00156436
0.00158218
0.00155957
0.00156077
0.00156464
0.00155716
0.00155626
0.00156430
0.00155845
0.00155651
0.00156387
0.00156163
0.00155851
0.00155846
0.00156318
0.00155492
0.00155716
0.00156504
0.00155684
0.00155809
0.00168926
0.00158737
0.00155982
0.00156043
0.00156410
0.00156396
0.00156065
0.00155809
0.00157155
0.00156004
0.00156026
0.00156490
0.00155783
0.00156041
0.00155888
0.00160517
0.00155741
0.00156157
0.00156442
0.00155752
0.00155857
0.00159907
0.00156399
0.00155939
0.00155734
0.00156277
0.00155869
0.00155945
0.00160412
0.00160470
0.00155673
0.00155922
0.00156301
0.00155838
0.00156314
0.00156138
0.00156452
0.00155919
0.00155705
0.00156653
0.00156794
0.00156143
0.00156460
0.00156688
0.00156076
0.00156124
0.00156388
0.00155930
0.00155937
0.00156296
0.00156379
0.00155849
0.00155786
0.00156179
0.00155733
0.00155802
0.00156311
0.00156945
0.00155971
0.00155624
0.00156308
0.00155761
0.00156014
0.00156665
0.00156164
0.00155651
0.00157493
0.00156458
0.00156180
0.00156075
0.00156322
0.00156803
0.00158151
0.00159269
0.00156924
0.00156431
0.00155926
0.00155875
0.00156374
0.00156063
0.00155435
0.00155789
0.00155302
0.00155567
0.00156100
0.00159602
0.00155788
0.00155456
0.00160417
0.00155298
