0.00086696
0.00107820
0.00104019
0.00170110
0.00140654
0.00098296
0.00090484
0.00083800
0.00094201
0.00091336
0.00089642
0.00083492
0.00087055
0.00083226
0.00084025
0.00088664
0.00083329
0.00083104
0.00085539
0.00085005
0.00089992
0.00083298
0.00082941
0.00082996
0.00082843
0.00104197
0.00083550
0.00083009
0.00083116
0.00084520
0.00087938
0.00084687
0.00083346
0.00083342
0.00083010
0.00086118
0.00083677
0.00083121
0.00083193
0.00083017
0.00085496
0.00083354
0.00083019
0.00083940
0.00085346
0.00088347
0.00083710
0.00083250
0.00083667
0.00083096
0.00085183
0.00083723
0.00083557
0.00083372
0.00083412
0.00086367
0.00083583
0.00083701
0.00083599
0.00083086
0.00084686
0.00083711
0.00083319
0.00083472
0.00083082
0.00085795
0.00083662
0.00083340
0.00083219
0.00083050
0.00084453
0.00084875
0.00091288
0.00084472
0.00083446
0.00086167
0.00083405
0.00083250
0.00083296
0.00083024
0.00085664
0.00083966
0.00083320
0.00084037
0.00083306
0.00083875
0.00083900
0.00083488
0.00083990
0.00083573
0.00084116
0.00083785
0.00083562
0.00083974
0.00083216
0.00084261
0.00084177
0.00083472
0.00085023
0.00083233
0.00083922
0.00083712
0.00083131
0.00083767
0.00083061
0.00083678
0.00087297
0.00083324
0.00083609
0.00082945
0.00083920
0.00084707
0.00083180
0.00083204
0.00083246
0.00084053
0.00087535
0.00083605
0.00083088
0.00083030
0.00083826
0.00084879
0.00083596
0.00082981
0.00083261
0.00083885
0.00086049
0.00083412
0.00083124
0.00083164
0.00083720
0.00085278
0.00083425
0.00083124
0.00083272
0.00083867
0.00085511
0.00083668
0.00083090
0.00083162
0.00084004
0.00084721
0.00083454
0.00083187
0.00083727
0.00084079
0.00083749
0.00083975
0.00083465
0.00084127
0.00084208
0.00083493
0.00083535
0.00083218
0.00083590
0.00083993
0.00083494
0.00084660
0.00083091
0.00083532
0.00083608
0.00083352
0.00083454
0.00082920
0.00083376
0.00083778
0.00083306
0.00089804
0.00083223
0.00082927
0.00084330
0.00083293
0.00085792
0.00083197
0.00082885
0.00083730
0.00083327
0.00084856
0.00083566
0.00083133
0.00084220
0.00083551
0.00084455
0.00083061
0.00083088
0.00083965
0.00083462
0.00090629
0.00083464
0.00083290
0.00084064
0.00083267
0.00084634
0.00083094
0.00083053
0.00086032
0.00083097
0.00084517
0.00083672
0.00083227
0.00083877
0.00083509
0.00084497
0.00083184
0.00083257
0.00083902
0.00083219
0.00088585
0.00090821
0.00085107
0.00084130
0.00083467
0.00083527
0.00083237
0.00083691
0.00083895
0.00083334
0.00084342
0.00082625
0.00083258
0.00083303
0.00083113
0.00083381
0.00082905
0.00083407
0.00083869
0.00083173
0.00084517
0.00083155
0.00083902
0.00084161
0.00083288
0.00085663
0.00083116
0.00083385
0.00083861
0.00083249
0.00083300
0.00083495
0.00083520
0.00083892
0.00083318
0.00084304
0.00083086
0.00083128
0.00083895
0.00083490
0.00084567
0.00083356
0.00083717
0.00083874
0.00083457
0.00084404
0.00083211
0.00083678
0.00083779
0.00083319
0.00083279
0.00083296
0.00083814
0.00083789
0.00083384
0.00083088
0.00082786
0.00083295
0.00083473
0.00083046
0.00083554
0.00083519
0.00084042
0.00084139
0.00083626
0.00083703
0.00083345
0.00083876
0.00084135
0.00083757
0.00083489
0.00083334
0.00083728
0.00084024
0.00083515
0.00083645
0.00083363
0.00083775
0.00083772
0.00083382
0.00083304
0.00083805
0.00084168
0.00084130
0.00083780
0.00083536
0.00083213
0.00084246
0.00084419
0.00083539
0.00083528
0.00083561
0.00083967
0.00083895
0.00083440
0.00083212
0.00082931
0.00083710
0.00083766
0.00083445
0.00083327
0.00083252
0.00083930
0.00083722
0.00083473
0.00083552
0.00083155
0.00088189
0.00084109
0.00083735
0.00083663
0.00083560
0.00088197
0.00084199
0.00083560
0.00083724
0.00083710
0.00084311
0.00083975
0.00083613
0.00084867
0.00083411
0.00083733
0.00083929
0.00083487
0.00083329
0.00084740
0.00084290
0.00084065
0.00083684
0.00083458
0.00083510
0.00084039
0.00084052
0.00083645
0.00083517
0.00083074
0.00083652
0.00083981
0.00084684
0.00083706
0.00083650
0.00083862
0.00083961
0.00083526
0.00083422
0.00083462
0.00083952
0.00083995
0.00084351
0.00083906
0.00083753
0.00083095
0.00083985
0.00084677
0.00083396
0.00083002
0.00083114
0.00083985
0.00084824
0.00084272
0.00083239
0.00086671
0.00085190
0.00085298
0.00083680
0.00083391
0.00083725
0.00084234
0.00084827
0.00084652
0.00083652
0.00083232
0.00083974
0.00084900
0.00083211
0.00083240
0.00083127
0.00083917
0.00085013
0.00084374
0.00083059
0.00083207
0.00083624
0.00084650
0.00083198
0.00083040
0.00083006
0.00083897
0.00085056
0.00083277
0.00083329
0.00082984
0.00083991
0.00084979
0.00083395
0.00083520
