0.00125445
0.00247508
0.00315973
0.00223866
0.00209035
0.00211640
0.00210024
0.00285341
0.00234976
0.00208744
0.00222369
0.00206605
0.00204194
0.00206767
0.00171496
0.00165181
0.00209190
0.00205292
0.00208694
0.00203451
0.00203848
0.00212646
0.00208780
0.00203327
0.00203791
0.00204146
0.00211360
0.00204851
0.00204467
0.00204535
0.00207291
0.00203289
0.00204133
0.00204217
0.00203638
0.00203031
0.00204145
0.00208402
0.00203368
0.00203191
0.00204012
0.00209329
0.00203791
0.00203138
0.00204593
0.00203353
0.00203124
0.00203595
0.00204305
0.00203038
0.00203934
0.00203854
0.00204566
0.00203027
0.00203488
0.00204225
0.00204830
0.00203476
0.00203492
0.00203749
0.00209406
0.00203051
0.00203831
0.00205257
0.00204108
0.00202869
0.00203790
0.00203623
0.00208598
0.00203048
0.00203097
0.00204473
0.00207246
0.00203900
0.00203325
0.00203705
0.00209209
0.00203147
0.00203734
0.00204174
0.00208475
0.00204363
0.00204708
0.00204603
0.00204880
0.00204333
0.00204298
0.00204915
0.00203792
0.00203182
0.00204389
0.00203563
0.00203434
0.00202968
0.00204103
0.00204347
0.00251287
0.00207673
0.00205792
0.00204192
0.00209679
0.00203342
0.00203665
0.00205091
0.00208166
0.00203026
0.00203571
0.00203194
0.00205728
0.00203107
0.00207469
0.00204443
0.00204791
0.00202805
0.00203976
0.00203909
0.00208590
0.00203157
0.00203093
0.00205018
0.00207837
0.00203160
0.00203785
0.00203665
0.00208929
0.00203060
0.00203147
0.00204335
0.00204542
0.00204635
0.00203711
0.00203801
0.00208326
0.00202948
0.00203607
0.00205153
0.00204373
0.00203143
0.00203516
0.00203639
0.00205210
0.00203325
0.00203697
0.00203620
0.00203958
0.00202804
0.00204316
0.00204232
0.00204547
0.00203639
0.00203614
0.00207237
0.00205005
0.00206138
0.00203122
0.00203287
0.00204987
0.00207765
0.00203362
0.00202547
0.00204565
0.00203609
0.00204741
0.00207274
0.00204316
0.00207967
0.00203684
0.00204436
0.00204646
0.00207472
0.00203415
0.00203240
0.00205256
0.00204749
0.00207343
0.00203178
0.00204505
0.00203723
0.00205657
0.00203140
0.00204299
0.00203831
0.00203435
0.00203741
0.00203804
0.00203487
0.00205525
0.00202857
0.00204570
0.00203881
0.00208499
0.00202753
0.00203621
0.00208343
0.00208832
0.00204887
0.00203913
0.00203643
0.00208031
0.00203157
0.00203625
0.00203752
0.00207964
0.00203121
0.00204169
0.00205636
0.00204524
0.00202764
0.00203354
0.00204636
0.00204601
0.00202548
0.00203270
0.00203090
0.00204289
0.00202907
0.00203658
0.00203980
0.00203867
0.00207541
0.00204014
0.00203124
0.00204918
0.00203498
0.00203487
0.00203908
0.00203928
0.00207569
0.00205427
0.00203320
0.00205385
0.00203224
0.00203114
0.00203627
0.00203802
0.00203801
0.00208047
0.00203010
0.00203520
0.00203444
0.00208413
0.00204098
0.00203514
0.00204625
0.00209823
0.00203069
0.00205227
0.00203815
0.00212528
0.00203208
0.00203679
0.00203656
0.00203868
0.00202969
0.00203396
0.00203535
0.00204344
0.00203927
0.00203502
0.00203248
0.00204111
0.00210030
0.00204559
0.00202444
0.00204566
0.00207828
0.00203535
0.00203840
0.00204376
0.00208047
0.00203596
0.00203273
0.00204477
0.00207141
0.00202997
0.00204648
0.00204949
0.00203799
0.00205229
0.00202838
0.00204008
0.00203732
0.00203510
0.00204071
0.00206501
0.00204472
0.00208139
0.00203117
0.00203458
0.00203571
0.00208744
0.00202937
0.00203694
0.00203823
0.00212106
0.00203221
0.00203415
0.00224203
0.00207480
0.00204341
0.00203598
0.00203701
0.00204182
0.00203003
0.00204748
0.00203689
0.00204667
0.00202677
0.00203244
0.00204271
0.00204256
0.00207964
0.00203515
0.00203137
0.00204508
0.00208324
0.00203473
0.00000000
0.00000000
0.00000000
0.00000000
0.00076371
0.00162843
0.00162371
0.00162928
0.00163396
0.00162545
0.00163151
0.00161909
0.00162225
0.00170842
0.00163114
0.00162138
0.00166977
0.00162639
0.00162261
0.00163187
0.00162710
0.00164870
0.00169038
0.00164480
0.00163254
0.00162466
0.00162273
0.00163329
0.00162141
0.00180016
0.00165300
0.00164276
0.00160340
0.00163133
0.00162022
0.00162190
0.00162634
0.00162064
0.00162033
0.00194047
0.00222939
0.00209289
0.00220816
0.00181075
0.00164537
0.00167578
0.00167895
0.00163730
0.00165562
0.00159266
0.00164536
0.00160649
0.00161813
0.00164272
0.00188596
0.00170025
0.00161547
0.00200070
0.00163535
0.00162959
0.00163144
0.00163518
0.00162669
0.00205941
0.00164530
0.00161392
0.00164069
0.00162812
0.00162423
0.00172256
0.00165862
0.00161027
0.00163278
0.00160509
0.00162798
0.00164756
0.00166328
0.00158923
0.00162184
0.00160700
0.00164016
0.00162628
0.00191143
0.00167258
0.00163588
0.00163215
0.00196853
0.00167186
0.00180650
0.00164912
0.00169777
0.00164790
0.00163683
0.00164299
0.00178690
0.00201048
0.00168336
0.00163555
0.00188341
0.00164292
0.00180990
0.00163974
0.00163779
0.00163629
0.00189355
0.00164923
0.00167440
0.00163191
0.00163050
0.00163373
0.00163988
0.00163922
0.00162743
0.00162501
0.00163201
0.00163479
0.00162543
0.00162792
0.00162266
0.00162576
0.00162878
0.00161920
0.00162950
0.00167592
0.00162297
0.00164088
0.00162244
0.00162552
0.00169752
0.00163320
0.00161782
0.00161709
0.00162223
0.00162099
0.00168110
0.00162038
0.00165676
0.00162821
0.00161908
0.00162919
0.00162888
0.00161977
0.00163433
0.00161996
0.00161944
0.00163018
0.00161986
0.00161895
0.00162479
0.00161953
0.00161937
0.00162746
0.00161917
0.00162788
0.00166641
0.00162050
0.00162650
0.00162256
0.00161994
0.00163850
0.00161660
0.00162371
0.00162795
0.00162948
0.00162051
0.00164176
0.00161654
0.00162458
0.00163098
0.00162072
0.00166171
0.00163724
0.00161798
0.00163284
0.00162915
0.00162152
0.00162621
0.00162031
0.00161641
0.00162899
0.00163213
0.00162129
0.00162735
0.00162244
0.00162484
0.00164842
0.00162367
0.00161943
0.00166687
0.00162455
0.00163742
0.00167546
0.00162257
0.00163135
0.00161925
0.00162180
0.00163756
0.00162294
0.00162222
0.00163382
0.00162230
0.00162151
0.00164559
0.00162725
0.00162084
0.00166509
0.00165724
0.00161839
0.00163040
0.00162300
0.00162387
0.00165879
0.00162025
0.00162750
0.00161686
0.00162217
0.00162586
0.00161791
0.00161988
0.00162990
0.00161871
0.00162961
0.00162526
0.00161764
0.00161827
0.00162520
0.00161653
0.00163669
0.00162975
0.00161798
0.00163077
0.00161898
0.00161739
0.00163845
0.00161776
0.00162164
0.00163221
0.00162044
0.00163177
0.00162754
0.00161910
0.00162402
0.00164084
0.00164751
0.00190863
0.00168238
0.00160289
0.00000000
0.00000000
0.00000000
0.00000000
0.00568396
0.00907886
0.00979365
0.00913826
0.00936409
0.01033259
0.00924519
0.00948661
0.00981532
0.00917668
0.00955844
0.00913085
0.00923070
0.00945785
0.00924261
0.00976179
0.00986176
0.00907865
0.00988036
0.00931739
0.00929260
0.00950393
0.00924285
0.00947373
0.00965240
0.00910251
0.00962020
0.00903590
0.00933267
