1
323.29,161.22,48.42,68.56
321.29,161.22,48.42,68.56
318.29,160.22,48.42,68.56
314.29,160.22,48.42,68.56
316.29,159.22,48.42,68.56
316.29,153.22,48.42,68.56
314.29,153.22,48.42,68.56
289.29,159.22,48.42,68.56
282.29,158.22,48.42,68.56
277.29,157.22,48.42,68.56
274.29,156.22,48.42,68.56
2
0
0
0
0
1
311.78,158.98,47.28,69.40
306.78,156.98,47.28,69.40
301.78,154.98,47.28,69.40
295.78,152.98,47.28,69.40
288.78,149.98,47.28,69.40
282.78,147.98,47.28,69.40
276.78,145.98,47.28,69.40
2
0
0
0
0
1
319.82,155.90,46.34,70.04
316.82,155.90,46.34,70.04
315.82,157.90,46.34,70.04
315.82,158.90,46.34,70.04
315.82,160.90,46.34,70.04
313.82,159.90,46.34,70.04
319.82,158.90,46.34,70.04
319.82,157.90,46.34,70.04
324.82,154.90,46.34,70.04
324.82,153.90,46.34,70.04
324.82,153.90,46.34,70.04
323.82,153.90,46.34,70.04
315.82,158.90,46.34,70.04
316.82,155.90,46.34,70.04
316.82,156.90,46.34,70.04
315.82,157.90,46.34,70.04
315.82,158.90,46.34,70.04
312.82,160.90,46.34,70.04
309.82,165.90,46.34,70.04
308.82,165.90,46.34,70.04
313.82,166.90,46.34,70.04
316.82,168.90,46.34,70.04
317.82,168.90,46.34,70.04
321.82,169.90,46.34,70.04
319.82,169.90,46.34,70.04
321.82,169.90,46.34,70.04
320.82,169.90,46.34,70.04
320.82,169.90,46.34,70.04
314.82,168.90,46.34,70.04
312.82,166.90,46.34,70.04
312.82,166.90,46.34,70.04
312.82,167.90,46.34,70.04
313.82,168.90,46.34,70.04
315.82,168.90,46.34,70.04
314.82,168.90,46.34,70.04
311.82,167.90,46.34,70.04
308.82,167.90,46.34,70.04
306.82,167.90,46.34,70.04
302.82,167.90,46.34,70.04
300.82,167.90,46.34,70.04
299.82,167.90,46.34,70.04
300.82,168.90,46.34,70.04
303.82,168.90,46.34,70.04
309.82,170.90,46.34,70.04
304.82,152.90,46.34,70.04
304.82,151.90,46.34,70.04
302.82,151.90,46.34,70.04
303.82,151.90,46.34,70.04
307.82,153.90,46.34,70.04
310.82,154.90,46.34,70.04
311.82,153.90,46.34,70.04
310.82,153.90,46.34,70.04
310.82,153.90,46.34,70.04
311.82,153.90,46.34,70.04
312.82,153.90,46.34,70.04
306.82,153.90,46.34,70.04
306.82,154.90,46.34,70.04
304.82,153.90,46.34,70.04
306.82,154.90,46.34,70.04
314.82,156.90,46.34,70.04
316.82,156.90,46.34,70.04
319.82,156.90,46.34,70.04
320.82,155.90,46.34,70.04
320.82,154.90,46.34,70.04
322.82,153.90,46.34,70.04
324.82,153.90,46.34,70.04
319.82,154.90,46.34,70.04
317.82,153.90,46.34,70.04
317.82,153.90,46.34,70.04
317.82,153.90,46.34,70.04
326.82,155.90,46.34,70.04
328.82,155.90,46.34,70.04
328.82,154.90,46.34,70.04
327.82,153.90,46.34,70.04
330.82,148.90,46.34,70.04
332.82,145.90,46.34,70.04
333.82,143.90,46.34,70.04
335.82,141.90,46.34,70.04
336.82,143.90,46.34,70.04
337.82,145.90,46.34,70.04
345.82,139.90,46.34,70.04
339.82,158.90,46.34,70.04
342.82,159.90,46.34,70.04
344.82,158.90,46.34,70.04
341.82,157.90,46.34,70.04
351.82,152.90,46.34,70.04
354.82,150.90,46.34,70.04
356.82,145.90,46.34,70.04
356.82,145.90,46.34,70.04
356.82,146.90,46.34,70.04
358.82,148.90,46.34,70.04
351.82,138.90,46.34,70.04
348.82,137.90,46.34,70.04
347.82,138.90,46.34,70.04
343.82,141.90,46.34,70.04
359.82,153.90,46.34,70.04
361.82,151.90,46.34,70.04
362.82,150.90,46.34,70.04
364.82,148.90,46.34,70.04
365.82,151.90,46.34,70.04
367.82,153.90,46.34,70.04
367.82,154.90,46.34,70.04
370.82,155.90,46.34,70.04
371.82,166.90,46.34,70.04
372.82,165.90,46.34,70.04
372.82,160.90,46.34,70.04
374.82,160.90,46.34,70.04
379.82,157.90,46.34,70.04
381.82,156.90,46.34,70.04
382.82,156.90,46.34,70.04
383.82,157.90,46.34,70.04
384.82,159.90,46.34,70.04
385.82,163.90,46.34,70.04
387.82,162.90,46.34,70.04
390.82,167.90,46.34,70.04
392.82,167.90,46.34,70.04
393.82,168.90,46.34,70.04
396.82,167.90,46.34,70.04
403.82,160.90,46.34,70.04
405.82,159.90,46.34,70.04
405.82,159.90,46.34,70.04
405.82,159.90,46.34,70.04
404.82,161.90,46.34,70.04
404.82,163.90,46.34,70.04
404.82,162.90,46.34,70.04
403.82,165.90,46.34,70.04
402.82,164.90,46.34,70.04
402.82,163.90,46.34,70.04
403.82,163.90,46.34,70.04
407.82,158.90,46.34,70.04
408.82,158.90,46.34,70.04
408.82,159.90,46.34,70.04
409.82,160.90,46.34,70.04
411.82,161.90,46.34,70.04
414.82,162.90,46.34,70.04
420.82,162.90,46.34,70.04
435.82,159.90,46.34,70.04
437.82,161.90,46.34,70.04
440.82,162.90,46.34,70.04
442.82,162.90,46.34,70.04
445.82,161.90,46.34,70.04
448.82,160.90,46.34,70.04
451.82,159.90,46.34,70.04
452.82,159.90,46.34,70.04
455.82,158.90,46.34,70.04
457.82,156.90,46.34,70.04
460.82,154.90,46.34,70.04
461.82,153.90,46.34,70.04
462.82,151.90,46.34,70.04
462.82,151.90,46.34,70.04
461.82,152.90,46.34,70.04
462.82,152.90,46.34,70.04
462.82,153.90,46.34,70.04
463.82,155.90,46.34,70.04
464.82,157.90,46.34,70.04
464.82,158.90,46.34,70.04
464.82,159.90,46.34,70.04
465.82,159.90,46.34,70.04
465.82,159.90,46.34,70.04
463.82,160.90,46.34,70.04
460.82,161.90,46.34,70.04
458.82,162.90,46.34,70.04
457.82,162.90,46.34,70.04
454.82,162.90,46.34,70.04
450.82,162.90,46.34,70.04
449.82,162.90,46.34,70.04
448.82,162.90,46.34,70.04
447.82,161.90,46.34,70.04
450.82,160.90,46.34,70.04
450.82,158.90,46.34,70.04
449.82,158.90,46.34,70.04
449.82,158.90,46.34,70.04
451.82,156.90,46.34,70.04
451.82,155.90,46.34,70.04
451.82,154.90,46.34,70.04
450.82,152.90,46.34,70.04
449.82,151.90,46.34,70.04
448.82,150.90,46.34,70.04
446.82,150.90,46.34,70.04
446.82,149.90,46.34,70.04
445.82,149.90,46.34,70.04
444.82,149.90,46.34,70.04
444.82,149.90,46.34,70.04
444.82,149.90,46.34,70.04
444.82,148.90,46.34,70.04
444.82,147.90,46.34,70.04
444.82,146.90,46.34,70.04
445.82,147.90,46.34,70.04
445.82,147.90,46.34,70.04
447.82,147.90,46.34,70.04
448.82,146.90,46.34,70.04
448.82,145.90,46.34,70.04
449.82,145.90,46.34,70.04
450.82,146.90,46.34,70.04
449.82,147.90,46.34,70.04
449.82,144.90,46.34,70.04
448.82,143.90,46.34,70.04
449.82,142.90,46.34,70.04
450.82,140.90,46.34,70.04
452.82,140.90,46.34,70.04
453.82,140.90,46.34,70.04
454.82,139.90,46.34,70.04
455.82,137.90,46.34,70.04
461.82,137.90,46.34,70.04
465.82,136.90,46.34,70.04
469.82,135.90,46.34,70.04
474.82,135.90,46.34,70.04
479.82,135.90,46.34,70.04
493.82,130.90,46.34,70.04
500.82,128.90,46.34,70.04
503.82,126.90,46.34,70.04
508.82,125.90,46.34,70.04
517.82,123.90,46.34,70.04
523.82,122.90,46.34,70.04
525.82,121.90,46.34,70.04
529.82,119.90,46.34,70.04
532.82,117.90,46.34,70.04
532.82,116.90,46.34,70.04
532.82,116.90,46.34,70.04
531.82,115.90,46.34,70.04
531.82,112.90,46.34,70.04
530.82,111.90,46.34,70.04
528.82,110.90,46.34,70.04
526.82,109.90,46.34,70.04
524.82,108.90,46.34,70.04
522.82,107.90,46.34,70.04
519.82,105.90,46.34,70.04
517.82,104.90,46.34,70.04
514.82,103.90,46.34,70.04
512.82,102.90,46.34,70.04
509.82,103.90,46.34,70.04
507.82,107.90,46.34,70.04
505.82,106.90,46.34,70.04
504.82,106.90,46.34,70.04
502.82,105.90,46.34,70.04
499.82,103.90,46.34,70.04
497.82,101.90,46.34,70.04
496.82,99.90,46.34,70.04
493.82,96.90,46.34,70.04
490.82,90.90,46.34,70.04
488.82,87.90,46.34,70.04
487.82,87.90,46.34,70.04
484.82,85.90,46.34,70.04
483.82,83.90,46.34,70.04
482.82,81.90,46.34,70.04
481.82,78.90,46.34,70.04
481.82,76.90,46.34,70.04
481.82,76.90,46.34,70.04
482.82,76.90,46.34,70.04
483.82,76.90,46.34,70.04
482.82,75.90,46.34,70.04
483.82,74.90,46.34,70.04
483.82,72.90,46.34,70.04
483.82,71.90,46.34,70.04
485.82,72.90,46.34,70.04
486.82,72.90,46.34,70.04
487.82,71.90,46.34,70.04
488.82,69.90,46.34,70.04
489.82,67.90,46.34,70.04
490.82,66.90,46.34,70.04
489.82,66.90,46.34,70.04
489.82,67.90,46.34,70.04
488.82,69.90,46.34,70.04
488.82,69.90,46.34,70.04
487.82,69.90,46.34,70.04
485.82,69.90,46.34,70.04
483.82,70.90,46.34,70.04
481.82,71.90,46.34,70.04
478.82,71.90,46.34,70.04
474.82,70.90,46.34,70.04
470.82,70.90,46.34,70.04
464.82,69.90,46.34,70.04
461.82,70.90,46.34,70.04
457.82,71.90,46.34,70.04
454.82,74.90,46.34,70.04
450.82,76.90,46.34,70.04
447.82,76.90,46.34,70.04
440.82,76.90,46.34,70.04
437.82,77.90,46.34,70.04
436.82,77.90,46.34,70.04
434.82,79.90,46.34,70.04
432.82,79.90,46.34,70.04
430.82,79.90,46.34,70.04
429.82,79.90,46.34,70.04
428.82,78.90,46.34,70.04
427.82,78.90,46.34,70.04
427.82,79.90,46.34,70.04
427.82,80.90,46.34,70.04
427.82,81.90,46.34,70.04
427.82,80.90,46.34,70.04
426.82,80.90,46.34,70.04
426.82,80.90,46.34,70.04
425.82,81.90,46.34,70.04
425.82,82.90,46.34,70.04
424.82,79.90,46.34,70.04
422.82,78.90,46.34,70.04
422.82,77.90,46.34,70.04
421.82,77.90,46.34,70.04
418.82,79.90,46.34,70.04
416.82,79.90,46.34,70.04
411.82,78.90,46.34,70.04
409.82,77.90,46.34,70.04
409.82,77.90,46.34,70.04
406.82,79.90,46.34,70.04
405.82,79.90,46.34,70.04
404.82,78.90,46.34,70.04
402.82,77.90,46.34,70.04
399.82,76.90,46.34,70.04
397.82,77.90,46.34,70.04
394.82,78.90,46.34,70.04
391.82,77.90,46.34,70.04
389.82,77.90,46.34,70.04
386.82,76.90,46.34,70.04
382.82,77.90,46.34,70.04
376.82,77.90,46.34,70.04
373.82,76.90,46.34,70.04
370.82,75.90,46.34,70.04
370.82,75.90,46.34,70.04
370.82,75.90,46.34,70.04
