0.00132532
0.00139302
0.00105350
0.00119223
0.00131354
0.00136832
0.00107024
0.00111396
0.00106188
0.00106349
0.00130202
0.00131778
0.00106293
0.00000000
0.00000000
0.00000000
0.00000000
0.00053345
0.00116373
0.00112628
0.00114004
0.00115922
0.00113649
0.00113912
0.00113753
0.00112265
0.00000000
0.00000000
0.00000000
0.00000000
0.00080937
0.00131850
0.00112696
0.00112590
0.00112879
0.00111799
0.00112538
0.00112222
0.00112007
0.00115092
0.00113567
0.00112136
0.00112993
0.00112445
0.00112487
0.00112678
0.00112463
0.00112838
0.00113060
0.00112914
0.00112406
0.00112832
0.00112590
0.00113861
0.00112965
0.00113064
0.00112468
0.00121001
0.00113151
0.00111249
0.00113194
0.00113438
0.00112311
0.00112814
0.00113016
0.00112386
0.00111224
0.00112494
0.00113245
0.00112136
0.00113394
0.00112606
0.00112644
0.00111904
0.00112581
0.00112559
0.00114783
0.00112808
0.00112613
0.00111859
0.00114511
0.00113568
0.00136585
0.00141289
0.00138221
0.00137690
0.00124065
0.00137027
0.00160031
0.00262947
0.00274806
0.00127259
0.00114980
0.00117272
0.00125308
0.00116979
0.00117058
0.00125129
0.00117301
0.00119183
0.00128767
0.00117729
0.00117059
0.00127790
0.00121142
0.00119303
0.00131023
0.00118587
0.00120526
0.00117435
0.00115423
0.00126183
0.00122251
0.00115161
0.00114159
0.00114588
0.00114011
0.00114158
0.00114771
0.00113051
0.00112281
0.00115696
0.00114368
0.00113455
0.00111079
0.00113171
0.00113356
0.00112975
0.00114185
0.00112466
0.00112981
0.00112853
0.00112917
0.00113405
0.00112536
0.00111995
0.00113712
0.00111892
0.00112488
0.00113054
0.00112532
0.00112231
0.00114195
0.00116207
0.00113726
0.00112646
0.00112671
0.00112371
0.00112603
0.00112529
0.00113417
0.00112029
0.00112439
0.00112565
0.00113456
0.00113008
0.00114202
0.00113033
0.00112850
0.00113095
0.00112932
0.00112650
0.00114446
0.00112915
0.00112775
0.00111582
0.00112634
0.00112315
0.00113823
0.00111856
0.00112959
0.00112864
0.00113072
0.00112657
0.00110148
0.00112535
0.00124948
0.00124479
0.00115842
0.00126220
0.00115784
0.00114146
0.00125304
0.00116330
0.00117803
0.00126979
0.00115373
0.00118169
0.00123802
0.00115640
0.00117051
0.00124897
0.00116102
0.00116893
0.00123725
0.00114030
0.00115403
0.00126721
0.00116906
0.00113816
0.00124084
0.00121711
0.00114598
0.00115900
0.00124369
0.00111382
0.00117394
0.00127435
0.00116703
0.00117204
0.00125285
0.00116502
0.00116486
0.00123967
0.00115620
0.00114969
0.00125529
0.00116645
0.00113622
0.00102905
0.00119642
0.00113451
0.00116080
0.00123825
0.00114083
0.00116226
0.00125432
0.00114836
0.00117414
0.00123701
0.00114058
0.00117989
0.00125916
0.00114524
0.00118122
0.00124299
0.00115192
0.00118696
0.00124313
0.00115567
0.00124559
0.00117913
0.00119368
0.00121754
0.00115056
0.00118173
0.00122937
0.00114673
0.00119508
0.00122723
0.00125090
0.00121301
0.00118785
0.00116344
0.00122692
0.00116737
0.00117671
0.00125523
0.00116162
0.00118520
0.00123481
0.00116587
0.00114347
0.00117453
0.00118417
0.00124255
0.00118197
0.00119694
0.00124366
0.00116194
0.00118764
0.00121039
0.00115745
0.00123539
0.00133246
0.00124484
0.00129335
0.00116423
0.00120720
0.00128143
0.00115354
0.00123232
0.00132162
0.00127113
0.00127030
0.00119824
0.00122536
0.00129470
0.00119998
0.00135608
0.00126685
0.00116556
0.00127074
0.00113858
0.00113942
0.00124315
0.00115049
0.00116590
0.00123527
0.00116133
0.00115830
0.00122326
0.00114247
0.00128200
0.00116119
0.00112328
0.00124160
0.00114551
0.00107534
0.00128141
0.00115235
0.00115606
0.00124466
0.00113051
0.00116086
0.00125580
0.00113242
0.00120009
0.00114108
0.00119418
0.00114276
0.00111858
0.00111575
0.00113651
0.00113282
0.00112779
0.00113264
0.00112588
0.00115075
0.00113448
0.00114241
0.00112429
0.00112934
0.00112104
0.00113110
0.00112549
0.00113155
0.00113436
0.00112617
0.00111745
0.00112767
0.00112396
0.00113731
0.00113473
0.00114020
0.00112833
0.00113275
0.00112265
0.00112913
0.00113167
