0.00112119
0.00246524
0.00176948
0.00169646
0.00177812
0.00176220
0.00170168
0.00168640
0.00174726
0.00171591
0.00170842
0.00172297
0.00177618
0.00172494
0.00175919
0.00170850
0.00170947
0.00171522
0.00170897
0.00171082
0.00170396
0.00171281
0.00170777
0.00171139
0.00174758
0.00174816
0.00170964
0.00171984
0.00170195
0.00170980
0.00170332
0.00169858
0.00170288
0.00171289
0.00171383
0.00170278
0.00169849
0.00171435
0.00170182
0.00170278
0.00170694
0.00171937
0.00170876
0.00170259
0.00170190
0.00170596
0.00174872
0.00170265
0.00170673
0.00171196
0.00171213
0.00170567
0.00170181
0.00171467
0.00170226
0.00169925
0.00170587
0.00169961
0.00170449
0.00170108
0.00170168
0.00170117
0.00170813
0.00170520
0.00170296
0.00174549
0.00170500
0.00170448
0.00168424
0.00170608
0.00171639
0.00170712
0.00172193
0.00171053
0.00171575
0.00171150
0.00171097
0.00171083
0.00171628
0.00170949
0.00170920
0.00170929
0.00173816
0.00173875
0.00170828
0.00171027
0.00172132
0.00175045
0.00176163
0.00177003
0.00176899
0.00171557
0.00171243
0.00175423
0.00172356
0.00169983
0.00170402
0.00173352
0.00171394
0.00170092
0.00170156
0.00170418
0.00225989
0.00217821
0.00211128
0.00212622
0.00219664
0.00211706
0.00217885
0.00223906
0.00223761
0.00170446
0.00176459
0.00172812
0.00170643
0.00169050
0.00206276
0.00172509
0.00170401
0.00170451
0.00203785
0.00177063
0.00171311
0.00169807
0.00189626
0.00179036
0.00169646
0.00173602
0.00175426
0.00184906
0.00172234
0.00170938
0.00172062
0.00178947
0.00172639
0.00170534
0.00172735
0.00177969
0.00177265
0.00173125
0.00173899
0.00179417
0.00171494
0.00170288
0.00172299
0.00173274
0.00171579
0.00171009
0.00170667
0.00169431
0.00171350
0.00172512
0.00170847
0.00170301
0.00170317
0.00170619
0.00170192
0.00171106
0.00170571
0.00171958
0.00173217
0.00170878
0.00170718
0.00169482
0.00170033
0.00169766
0.00170661
0.00170261
0.00170845
0.00170644
0.00169833
0.00170038
0.00169799
0.00169587
0.00170446
0.00170112
0.00170554
0.00171558
0.00170178
0.00170122
0.00174172
0.00169945
0.00169968
0.00168155
0.00171635
0.00173751
0.00170520
0.00170671
0.00170502
0.00171560
0.00170918
0.00170769
0.00173718
0.00171143
0.00170463
0.00170132
0.00170035
0.00170335
0.00169725
0.00170369
0.00170390
0.00169917
0.00170149
0.00170090
0.00170315
0.00170594
0.00174359
0.00171854
0.00170379
0.00170690
0.00171954
0.00170491
0.00170943
0.00171081
0.00171133
0.00170225
0.00169987
0.00170201
0.00170422
0.00169969
0.00170154
0.00170218
0.00169576
0.00171364
0.00170270
0.00169270
0.00170255
0.00172062
