0.00209493
0.00375857
0.00486267
0.00403222
0.00403562
0.00370882
0.00367372
0.00370893
0.00364783
0.00363212
0.00364521
0.00401424
0.00368838
0.00366860
0.00362669
0.00360803
0.00362413
0.00362793
0.00366066
0.00362045
0.00364614
0.00362688
0.00362664
0.00366902
0.00385990
0.00367289
0.00368179
0.00367223
0.00365206
0.00363019
0.00360648
0.00362114
0.00366442
0.00367082
0.00365827
0.00362816
0.00363215
0.00385059
0.00378244
0.00374906
0.00375723
0.00390054
0.00374885
0.00369049
0.00376499
0.00530420
0.00368664
0.00425139
0.00370239
0.00365936
0.00366908
0.00374006
0.00368966
0.00367071
0.00451798
0.00363309
0.00361648
0.00378195
0.00377151
0.00363342
0.00364755
0.00433892
0.00373583
0.00366947
0.00403018
0.00373083
0.00363691
0.00384942
0.00416620
0.00376808
0.00367016
0.00392894
0.00370684
0.00366325
0.00366447
0.00363336
0.00363026
0.00363812
0.00362020
0.00366119
0.00365931
0.00366036
0.00363502
0.00362566
0.00361453
0.00360830
0.00363718
0.00367952
0.00368088
0.00362381
0.00360860
0.00362394
0.00362195
0.00366989
0.00376167
0.00363005
0.00363253
0.00363170
0.00362670
0.00362212
0.00361725
0.00367424
0.00370150
0.00362453
0.00361705
0.00366467
0.00365761
0.00366858
0.00366419
0.00362074
0.00360663
0.00366512
0.00367176
0.00366677
0.00362615
0.00364332
0.00362284
0.00362565
0.00361769
0.00366973
0.00367020
0.00362643
0.00366539
0.00362652
0.00362383
0.00363999
0.00367247
0.00367175
0.00366606
0.00361771
0.00360286
0.00361632
0.00366511
0.00367196
0.00365738
0.00360538
0.00362415
0.00363160
0.00361289
0.00365814
0.00360376
0.00366722
0.00368403
0.00362228
0.00361564
0.00360426
0.00367185
0.00367181
0.00363139
0.00362219
0.00361150
0.00361605
0.00380641
0.00378437
0.00390759
0.00399854
0.00372852
0.00367484
0.00414504
0.00363366
0.00361662
0.00407113
0.00373967
0.00367115
0.00367599
0.00399558
0.00366754
0.00363996
0.00399400
0.00369642
0.00361210
0.00368139
0.00407329
0.00371525
0.00364908
0.00394090
0.00375418
0.00401449
0.00370643
0.00417589
0.00370139
0.00373133
0.00436339
0.00368831
0.00364134
0.00361673
0.00378548
0.00365526
0.00416182
0.00412143
0.00366034
0.00401364
0.00382609
0.00370532
0.00362490
0.00391415
0.00406117
0.00373054
0.00415847
0.00405529
0.00373061
0.00364617
0.00387114
0.00371216
0.00389435
0.00439664
0.00389865
0.00382452
0.00422390
0.00416604
0.00366591
0.00362538
0.00352428
0.00382506
0.00381484
0.00412048
0.00399905
0.00372141
0.00395026
0.00387243
0.00374226
0.00368412
0.00416652
0.00583590
0.00386550
0.00480754
0.00472299
0.00475285
0.00439010
0.00372810
0.00362472
0.00373520
0.00417223
0.00365303
0.00411246
0.00409666
0.00372289
0.00366416
0.00371023
0.00378563
0.00367829
0.00386195
0.00398606
0.00368196
0.00371931
0.00381015
0.00397534
0.00365581
0.00423529
0.00515980
0.00370891
0.00383253
0.00391515
0.00380140
0.00409147
0.00391963
0.00372176
0.00372067
0.00373237
0.00391310
0.00362432
0.00412208
0.00413186
0.00369275
0.00363068
0.00332803
0.00398065
0.00368957
0.00414336
0.00404598
0.00368354
0.00368207
0.00379273
0.00373400
0.00364692
0.00382654
0.00412794
0.00372805
0.00362626
0.00389036
0.00376975
0.00369343
0.00400322
0.00381694
0.00377386
0.00367745
0.00424047
0.00461533
0.00372782
0.00416507
0.00449286
0.00368870
0.00376698
0.00386047
0.00000000
0.00000000
0.00000000
0.00000000
0.00164429
0.00323465
0.00322023
0.00349761
0.00319675
0.00316220
0.00317927
0.00342281
0.00318683
0.00316264
0.00317614
0.00335842
0.00316631
0.00321595
0.00321788
0.00339410
0.00325229
0.00319451
0.00333519
0.00330174
0.00320938
0.00316152
0.00337370
0.00342936
0.00320637
0.00316605
0.00334862
0.00316749
0.00325428
0.00366268
0.00327215
0.00324265
0.00319773
0.00318674
0.00322632
0.00314716
0.00000000
0.00000000
0.00000000
0.00000000
0.00070181
0.00145709
0.00147357
0.00145558
0.00146631
0.00145262
0.00146005
0.00146263
0.00145859
0.00146484
0.00146000
0.00145525
0.00146513
0.00145165
0.00148527
0.00145701
0.00145868
0.00147469
0.00144615
0.00145378
0.00146585
0.00145498
0.00147358
0.00144991
0.00145547
0.00146130
0.00145510
0.00146700
0.00145883
0.00145571
0.00146233
0.00145460
0.00147022
0.00145384
0.00146041
0.00151235
0.00147980
0.00146399
0.00145493
0.00145639
0.00146976
0.00159532
0.00175143
0.00154179
0.00146237
0.00146928
0.00147835
0.00144237
0.00144785
0.00143774
0.00144730
0.00145109
0.00148452
0.00146726
0.00145924
0.00144116
0.00145841
0.00145713
0.00147088
0.00145741
0.00144766
0.00145616
0.00146308
0.00146563
0.00146096
0.00146269
0.00146077
0.00145859
0.00146552
0.00149310
0.00147097
0.00145186
0.00145892
0.00146468
0.00145318
0.00146290
0.00145658
0.00150303
0.00146340
0.00149201
0.00148030
0.00161624
0.00146073
0.00146888
0.00146121
0.00145644
0.00147038
0.00145785
0.00146293
0.00145864
0.00145889
0.00146401
0.00145779
0.00147125
0.00145649
0.00145896
0.00147143
0.00145565
0.00146606
0.00149335
0.00146449
0.00146054
0.00145872
0.00146665
0.00145694
0.00145432
0.00146568
0.00145823
0.00146955
0.00146080
0.00145687
0.00146090
0.00146046
0.00146636
0.00145934
0.00145506
0.00147216
0.00145632
0.00146499
0.00150392
0.00146429
0.00149328
0.00145880
0.00146283
0.00145829
0.00145938
0.00146328
0.00145570
0.00153012
0.00151642
0.00146795
0.00145819
0.00144317
0.00143982
0.00144150
0.00146025
0.00146645
0.00145277
0.00145761
0.00146500
0.00145481
0.00148204
0.00146103
0.00145414
0.00146689
0.00145527
0.00146334
0.00149347
0.00148166
0.00146913
0.00145825
0.00146420
0.00145885
0.00145747
0.00146263
0.00145608
0.00146361
0.00145501
0.00145915
0.00146108
0.00145211
0.00150147
0.00146373
0.00145508
0.00146382
0.00145344
0.00147447
0.00156294
0.00144856
0.00154405
0.00146537
0.00144602
0.00144934
0.00144113
0.00144626
0.00143732
0.00143985
0.00144394
0.00143864
0.00144074
0.00143830
0.00144057
0.00166487
0.00145222
0.00146352
0.00145471
0.00145934
0.00146121
0.00145955
0.00146300
0.00145797
0.00147972
0.00144845
0.00143766
0.00143927
0.00146295
0.00145370
0.00146864
0.00145517
0.00146239
0.00146438
0.00145206
0.00146431
0.00145617
0.00149934
0.00146190
0.00150272
0.00146296
0.00144090
0.00143317
0.00145959
0.00144859
0.00145109
0.00143686
0.00143460
0.00144157
0.00144321
0.00143933
0.00143872
0.00144002
0.00146574
0.00145311
0.00146209
0.00145266
0.00146099
0.00145205
0.00145516
0.00145757
0.00145760
0.00146269
0.00145346
0.00145491
0.00144541
0.00146668
0.00146888
0.00145160
0.00148177
0.00145708
0.00150978
0.00147065
0.00146976
0.00146478
0.00145698
0.00145711
0.00146412
0.00151166
0.00146690
0.00151243
0.00145989
0.00146582
0.00145442
0.00146315
0.00146092
0.00145548
0.00145524
0.00143660
0.00145152
0.00143496
0.00143774
