0.00063829
0.00109101
0.00107377
0.00096116
0.00092878
0.00090951
0.00097707
0.00092768
0.00103962
0.00107748
0.00100567
0.00095386
0.00099098
0.00095961
0.00093691
0.00091126
0.00093832
0.00091461
0.00091957
0.00092040
0.00093378
0.00091402
0.00091497
0.00091475
0.00091261
0.00091192
0.00091241
0.00092258
0.00091074
0.00092023
0.00091259
0.00091373
0.00094232
0.00091753
0.00091387
0.00090824
0.00093843
0.00091162
0.00092081
0.00091058
0.00091101
0.00091182
0.00091315
0.00091244
0.00090982
0.00092208
0.00091335
0.00091631
0.00091343
0.00091042
0.00090843
0.00091024
0.00090997
0.00090354
0.00090820
0.00089987
0.00089501
0.00090128
0.00090552
0.00090541
0.00090635
0.00091308
0.00090285
0.00090430
0.00090912
0.00090863
0.00091357
0.00091174
0.00091509
0.00091037
0.00091786
0.00090975
0.00091013
0.00091243
0.00090940
0.00091782
0.00091501
0.00091379
0.00090671
0.00091521
0.00091367
0.00091207
0.00091355
0.00091355
0.00092143
0.00090982
0.00091467
0.00090832
0.00090973
0.00091009
0.00091182
0.00091066
0.00091153
0.00091192
0.00093023
0.00092174
0.00091160
0.00091564
0.00091200
0.00091800
0.00091392
0.00091347
0.00091728
0.00000000
0.00000000
0.00000000
0.00000000
0.00076724
0.00173788
0.00178339
0.00172625
0.00172966
0.00172588
0.00173635
0.00171986
0.00172407
0.00173421
0.00173420
0.00172108
0.00172216
0.00173200
0.00173366
0.00171880
0.00172405
0.00171823
0.00173075
0.00176724
0.00172586
0.00171836
0.00173061
0.00173085
0.00179254
0.00224774
0.00177136
0.00176912
0.00176047
0.00217179
0.00234783
0.00230998
0.00228321
0.00220900
0.00217285
0.00225244
0.00199551
0.00179300
0.00178417
0.00157664
0.00129629
0.00127497
0.00174434
0.00172918
0.00203465
0.00176151
0.00174418
0.00173816
0.00171982
0.00174135
0.00178476
0.00173861
0.00172583
0.00201224
0.00174632
0.00184148
0.00175956
0.00172231
0.00172676
0.00175422
0.00173112
0.00188862
0.00174912
0.00174195
0.00172892
