0.00043485
0.00042482
0.00040610
0.00074091
0.00051391
0.00040243
0.00038983
0.00038758
0.00038287
0.00038263
0.00044866
0.00041809
0.00038981
0.00038477
0.00039161
0.00038508
0.00038344
0.00038224
0.00038248
0.00038346
0.00038256
0.00038651
0.00039292
0.00038245
0.00038182
0.00038297
0.00038190
0.00000000
0.00000000
0.00000000
0.00000000
0.00096680
0.00156664
0.00156344
0.00165471
0.00156827
0.00157296
0.00157651
0.00156581
0.00000000
0.00000000
0.00000000
0.00000000
0.00038274
0.00046272
0.00047282
0.00046018
0.00046323
0.00046324
0.00049334
0.00000000
0.00000000
0.00000000
0.00000000
0.00093375
0.00156658
0.00156600
0.00157494
0.00156555
0.00156452
0.00157399
0.00156267
0.00156307
0.00157092
0.00156278
0.00156414
0.00157138
0.00156260
0.00156021
0.00156892
0.00156013
0.00160623
0.00157399
0.00157653
0.00156358
0.00157436
0.00158221
0.00156509
0.00156945
0.00155997
0.00156415
0.00156935
0.00156093
0.00156029
0.00156796
0.00156015
0.00163542
0.00161372
0.00156117
0.00155870
0.00156408
0.00155683
0.00155857
0.00156940
0.00156341
0.00156102
0.00157044
0.00156476
0.00155894
0.00156715
0.00156467
0.00156094
0.00168136
0.00182556
0.00156466
0.00155692
0.00159387
0.00161216
0.00000000
0.00000000
0.00000000
0.00000000
0.00071666
0.00114023
0.00113345
0.00113779
0.00113109
0.00113648
0.00113032
0.00112977
0.00112954
0.00113031
0.00113029
0.00113389
0.00117945
0.00113200
0.00113943
0.00112963
0.00113089
0.00112855
0.00115318
0.00113929
0.00113159
0.00113757
0.00113189
0.00113511
0.00113170
0.00112954
0.00112952
0.00112916
0.00113591
0.00112863
0.00113439
0.00113067
0.00113040
0.00113041
0.00113105
0.00112803
0.00113131
0.00113317
0.00113086
0.00113646
0.00113042
0.00000000
0.00000000
0.00000000
0.00000000
0.00093219
0.00155391
0.00155673
0.00156327
0.00155894
0.00155510
0.00156713
0.00155695
0.00155404
0.00155887
0.00155186
0.00155900
0.00160352
0.00155118
0.00000000
0.00000000
0.00000000
0.00000000
0.00043597
0.00059266
0.00059766
0.00059603
0.00060266
0.00059617
0.00059432
0.00059341
0.00059489
0.00000000
0.00000000
0.00000000
0.00000000
0.00109553
0.00189694
0.00188871
0.00189101
0.00189672
0.00190495
0.00189443
0.00189163
0.00190531
0.00189701
0.00189230
0.00189456
0.00189428
0.00189374
0.00189863
0.00189250
0.00190429
0.00189438
0.00188752
0.00217530
0.00212865
0.00198219
0.00196147
0.00191632
0.00192098
0.00197559
0.00196409
0.00190303
0.00195246
0.00197328
0.00219023
0.00196359
0.00189408
0.00189174
0.00242125
0.00194980
0.00194521
0.00188923
0.00188988
0.00194437
0.00193901
0.00189827
0.00189293
0.00194315
0.00194518
0.00189377
0.00190153
0.00189590
0.00189696
0.00188681
0.00189282
0.00190026
0.00189583
0.00189377
0.00188860
0.00189726
