1
226.00,92.00,43.00,45.00
226.00,92.00,43.00,45.00
226.00,92.00,43.00,45.00
226.00,92.00,43.00,45.00
225.00,92.00,43.00,45.00
223.00,92.00,43.00,45.00
222.00,92.00,43.00,45.00
221.00,92.00,43.00,45.00
220.00,92.00,43.00,45.00
219.00,92.00,43.00,45.00
218.00,91.00,43.00,45.00
216.00,91.00,43.00,45.00
213.00,91.00,43.00,45.00
209.00,91.00,43.00,45.00
205.00,91.00,43.00,45.00
203.00,91.00,43.00,45.00
200.00,91.00,43.00,45.00
196.00,90.00,43.00,45.00
192.00,91.00,43.00,45.00
195.00,91.00,43.00,45.00
194.00,91.00,43.00,45.00
194.00,91.00,43.00,45.00
194.00,91.00,43.00,45.00
194.00,91.00,43.00,45.00
194.00,91.00,43.00,45.00
2
0
0
0
0
1
64.00,100.00,59.00,61.00
73.00,97.00,59.00,61.00
82.00,71.00,59.00,61.00
82.00,71.00,59.00,61.00
82.00,71.00,59.00,61.00
82.00,71.00,59.00,61.00
2
0
0
0
0
1
46.00,150.00,57.00,46.00
47.00,152.00,57.00,46.00
47.00,153.00,57.00,46.00
47.00,153.00,57.00,46.00
47.00,153.00,57.00,46.00
2
0
0
0
0
1
149.00,81.00,51.00,61.00
158.00,77.00,51.00,61.00
166.00,74.00,51.00,61.00
171.00,72.00,51.00,61.00
174.00,69.00,51.00,61.00
177.00,66.00,51.00,61.00
178.00,62.00,51.00,61.00
184.00,56.00,51.00,61.00
191.00,54.00,51.00,61.00
199.00,53.00,51.00,61.00
206.00,52.00,51.00,61.00
213.00,53.00,51.00,61.00
221.00,54.00,51.00,61.00
226.00,56.00,51.00,61.00
230.00,57.00,51.00,61.00
232.00,58.00,51.00,61.00
234.00,59.00,51.00,61.00
234.00,61.00,51.00,61.00
232.00,62.00,51.00,61.00
228.00,63.00,51.00,61.00
227.00,66.00,51.00,61.00
228.00,70.00,51.00,61.00
227.00,73.00,51.00,61.00
228.00,76.00,51.00,61.00
230.00,79.00,51.00,61.00
231.00,83.00,51.00,61.00
232.00,87.00,51.00,61.00
234.00,91.00,51.00,61.00
235.00,95.00,51.00,61.00
238.00,97.00,51.00,61.00
239.00,101.00,51.00,61.00
241.00,108.00,51.00,61.00
245.00,116.00,51.00,61.00
249.00,124.00,51.00,61.00
251.00,130.00,51.00,61.00
251.00,136.00,51.00,61.00
248.00,142.00,51.00,61.00
245.00,144.00,51.00,61.00
242.00,141.00,51.00,61.00
238.00,137.00,51.00,61.00
234.00,134.00,51.00,61.00
230.00,133.00,51.00,61.00
229.00,133.00,51.00,61.00
226.00,132.00,51.00,61.00
221.00,133.00,51.00,61.00
218.00,133.00,51.00,61.00
213.00,132.00,51.00,61.00
208.00,131.00,51.00,61.00
202.00,129.00,51.00,61.00
194.00,127.00,51.00,61.00
198.00,128.00,51.00,61.00
199.00,128.00,51.00,61.00
2
0
0
0
0
1
114.00,104.00,51.00,54.00
122.00,105.00,51.00,54.00
136.00,110.00,51.00,54.00
137.00,103.00,51.00,54.00
137.00,98.00,51.00,54.00
138.00,94.00,51.00,54.00
138.00,92.00,51.00,54.00
138.00,90.00,51.00,54.00
139.00,89.00,51.00,54.00
140.00,89.00,51.00,54.00
141.00,89.00,51.00,54.00
142.00,89.00,51.00,54.00
143.00,88.00,51.00,54.00
144.00,88.00,51.00,54.00
146.00,87.00,51.00,54.00
149.00,86.00,51.00,54.00
152.00,86.00,51.00,54.00
157.00,85.00,51.00,54.00
160.00,85.00,51.00,54.00
163.00,85.00,51.00,54.00
165.00,85.00,51.00,54.00
167.00,85.00,51.00,54.00
169.00,85.00,51.00,54.00
172.00,85.00,51.00,54.00
174.00,85.00,51.00,54.00
174.00,86.00,51.00,54.00
175.00,86.00,51.00,54.00
176.00,87.00,51.00,54.00
178.00,87.00,51.00,54.00
180.00,87.00,51.00,54.00
181.00,88.00,51.00,54.00
182.00,89.00,51.00,54.00
182.00,91.00,51.00,54.00
182.00,96.00,51.00,54.00
181.00,103.00,51.00,54.00
181.00,108.00,51.00,54.00
176.00,115.00,51.00,54.00
171.00,121.00,51.00,54.00
190.00,119.00,51.00,54.00
2
0
0
0
0
1
101.00,126.00,52.00,61.00
98.00,127.00,52.00,61.00
100.00,127.00,52.00,61.00
100.00,127.00,52.00,61.00
100.00,127.00,52.00,61.00
100.00,127.00,52.00,61.00
100.00,127.00,52.00,61.00
99.00,127.00,52.00,61.00
99.00,127.00,52.00,61.00
98.00,127.00,52.00,61.00
99.00,127.00,52.00,61.00
99.00,127.00,52.00,61.00
2
0
0
0
0
1
31.00,142.00,59.00,52.00
32.00,158.00,59.00,52.00
32.00,152.00,59.00,52.00
32.00,159.00,59.00,52.00
32.00,158.00,59.00,52.00
32.00,158.00,59.00,52.00
32.00,158.00,59.00,52.00
2
0
0
0
0
1
63.00,72.00,61.00,66.00
67.00,70.00,61.00,66.00
73.00,67.00,61.00,66.00
77.00,66.00,61.00,66.00
79.00,67.00,61.00,66.00
81.00,68.00,61.00,66.00
83.00,71.00,61.00,66.00
83.00,73.00,61.00,66.00
83.00,76.00,61.00,66.00
85.00,78.00,61.00,66.00
87.00,81.00,61.00,66.00
90.00,84.00,61.00,66.00
93.00,86.00,61.00,66.00
95.00,90.00,61.00,66.00
98.00,93.00,61.00,66.00
101.00,97.00,61.00,66.00
104.00,103.00,61.00,66.00
109.00,105.00,61.00,66.00
114.00,106.00,61.00,66.00
121.00,110.00,61.00,66.00
126.00,113.00,61.00,66.00
131.00,115.00,61.00,66.00
136.00,116.00,61.00,66.00
144.00,115.00,61.00,66.00
152.00,114.00,61.00,66.00
159.00,112.00,61.00,66.00
163.00,107.00,61.00,66.00
169.00,106.00,61.00,66.00
173.00,105.00,61.00,66.00
178.00,103.00,61.00,66.00
183.00,100.00,61.00,66.00
189.00,97.00,61.00,66.00
196.00,95.00,61.00,66.00
201.00,95.00,61.00,66.00
205.00,95.00,61.00,66.00
208.00,95.00,61.00,66.00
210.00,95.00,61.00,66.00
212.00,95.00,61.00,66.00
214.00,96.00,61.00,66.00
217.00,99.00,61.00,66.00
217.00,102.00,61.00,66.00
216.00,105.00,61.00,66.00
215.00,107.00,61.00,66.00
214.00,109.00,61.00,66.00
214.00,111.00,61.00,66.00
215.00,113.00,61.00,66.00
216.00,115.00,61.00,66.00
216.00,117.00,61.00,66.00
216.00,119.00,61.00,66.00
216.00,122.00,61.00,66.00
215.00,126.00,61.00,66.00
215.00,131.00,61.00,66.00
216.00,136.00,61.00,66.00
218.00,141.00,61.00,66.00
221.00,145.00,61.00,66.00
