1
226.00,92.00,44.00,46.00
226.00,92.00,44.00,46.00
226.00,92.00,44.00,46.00
226.00,92.00,44.00,46.00
225.00,92.00,44.00,46.00
223.00,92.00,44.00,46.00
222.00,92.00,44.00,46.00
221.00,92.00,44.00,46.00
219.00,92.00,44.00,46.00
218.00,92.00,44.00,46.00
217.00,92.00,44.00,46.00
214.00,93.00,44.00,46.00
211.00,93.00,44.00,46.00
208.00,93.00,44.00,46.00
204.00,93.00,44.00,46.00
201.00,93.00,44.00,46.00
198.00,93.00,44.00,46.00
194.00,93.00,44.00,46.00
190.00,93.00,44.00,46.00
185.00,92.00,44.00,46.00
180.00,92.00,44.00,46.00
176.00,92.00,44.00,46.00
171.00,92.00,44.00,46.00
164.00,92.00,44.00,46.00
157.00,93.00,44.00,46.00
149.00,95.00,44.00,46.00
160.00,94.00,44.00,46.00
162.00,94.00,44.00,46.00
162.00,94.00,44.00,46.00
2
0
0
0
0
1
31.78,104.91,75.10,72.10
31.78,104.91,75.10,72.10
32.78,103.91,75.10,72.10
32.78,103.91,75.10,72.10
32.78,103.91,75.10,72.10
32.78,103.91,75.10,72.10
32.78,103.91,75.10,72.10
32.78,103.91,75.10,72.10
32.78,103.91,75.10,72.10
32.78,103.91,75.10,72.10
32.78,103.91,75.10,72.10
32.78,103.91,75.10,72.10
32.78,103.91,75.10,72.10
32.78,103.91,75.10,72.10
2
0
0
0
0
1
152.31,80.14,56.56,60.34
160.31,76.14,56.56,60.34
165.31,74.14,56.56,60.34
168.31,71.14,56.56,60.34
171.31,68.14,56.56,60.34
172.31,63.14,56.56,60.34
179.31,58.14,56.56,60.34
186.31,55.14,56.56,60.34
194.31,54.14,56.56,60.34
202.31,53.14,56.56,60.34
209.31,54.14,56.56,60.34
216.31,56.14,56.56,60.34
222.31,57.14,56.56,60.34
226.31,58.14,56.56,60.34
228.31,59.14,56.56,60.34
230.31,60.14,56.56,60.34
230.31,62.14,56.56,60.34
228.31,63.14,56.56,60.34
224.31,64.14,56.56,60.34
223.31,67.14,56.56,60.34
224.31,71.14,56.56,60.34
223.31,75.14,56.56,60.34
224.31,77.14,56.56,60.34
226.31,80.14,56.56,60.34
227.31,84.14,56.56,60.34
228.31,88.14,56.56,60.34
230.31,92.14,56.56,60.34
231.31,96.14,56.56,60.34
234.31,98.14,56.56,60.34
235.31,102.14,56.56,60.34
237.31,109.14,56.56,60.34
241.31,117.14,56.56,60.34
245.31,124.14,56.56,60.34
247.31,131.14,56.56,60.34
247.31,137.14,56.56,60.34
244.31,143.14,56.56,60.34
241.31,145.14,56.56,60.34
238.31,142.14,56.56,60.34
233.31,138.14,56.56,60.34
230.31,134.14,56.56,60.34
226.31,132.14,56.56,60.34
222.31,130.14,56.56,60.34
220.31,128.14,56.56,60.34
215.31,125.14,56.56,60.34
241.31,137.14,56.56,60.34
241.31,137.14,56.56,60.34
241.31,137.14,56.56,60.34
2
0
0
0
0
1
132.00,106.00,43.00,74.00
123.00,102.00,43.00,74.00
162.00,125.00,43.00,74.00
163.00,125.00,43.00,74.00
162.00,125.00,43.00,74.00
2
0
0
0
0
1
126.12,59.54,44.69,59.28
128.12,58.54,44.69,59.28
130.12,57.54,44.69,59.28
132.12,57.54,44.69,59.28
134.12,58.54,44.69,59.28
136.12,58.54,44.69,59.28
138.12,58.54,44.69,59.28
140.12,57.54,44.69,59.28
143.12,56.54,44.69,59.28
146.12,55.54,44.69,59.28
151.12,54.54,44.69,59.28
155.12,55.54,44.69,59.28
157.12,55.54,44.69,59.28
159.12,55.54,44.69,59.28
161.12,55.54,44.69,59.28
164.12,54.54,44.69,59.28
167.12,54.54,44.69,59.28
169.12,54.54,44.69,59.28
170.12,54.54,44.69,59.28
171.12,55.54,44.69,59.28
172.12,55.54,44.69,59.28
174.12,56.54,44.69,59.28
176.12,56.54,44.69,59.28
177.12,56.54,44.69,59.28
177.12,57.54,44.69,59.28
177.12,60.54,44.69,59.28
175.12,65.54,44.69,59.28
174.12,71.54,44.69,59.28
173.12,75.54,44.69,59.28
170.12,81.54,44.69,59.28
163.12,88.54,44.69,59.28
156.12,95.54,44.69,59.28
154.12,92.54,44.69,59.28
179.12,93.54,44.69,59.28
179.12,93.54,44.69,59.28
2
0
0
0
0
1
82.57,149.37,58.86,57.26
77.57,152.37,58.86,57.26
72.57,154.37,58.86,57.26
67.57,155.37,58.86,57.26
60.57,156.37,58.86,57.26
53.57,157.37,58.86,57.26
50.57,156.37,58.86,57.26
47.57,155.37,58.86,57.26
44.57,154.37,58.86,57.26
39.57,154.37,58.86,57.26
36.57,153.37,58.86,57.26
32.57,153.37,58.86,57.26
29.57,152.37,58.86,57.26
26.57,150.37,58.86,57.26
25.57,143.37,58.86,57.26
24.57,133.37,58.86,57.26
9.57,141.37,58.86,57.26
9.57,141.37,58.86,57.26
9.57,141.37,58.86,57.26
9.57,141.37,58.86,57.26
9.57,141.37,58.86,57.26
9.57,141.37,58.86,57.26
9.57,141.37,58.86,57.26
9.57,141.37,58.86,57.26
9.57,141.37,58.86,57.26
9.57,141.37,58.86,57.26
9.57,141.37,58.86,57.26
9.57,141.37,58.86,57.26
9.57,141.37,58.86,57.26
9.57,141.37,58.86,57.26
9.57,141.37,58.86,57.26
9.57,141.37,58.86,57.26
2
0
0
0
0
1
84.12,77.32,73.76,78.86
86.12,80.32,73.76,78.86
89.12,82.32,73.76,78.86
92.12,86.32,73.76,78.86
94.12,89.32,73.76,78.86
97.12,93.32,73.76,78.86
101.12,100.32,73.76,78.86
106.12,102.32,73.76,78.86
111.12,104.32,73.76,78.86
118.12,108.32,73.76,78.86
123.12,110.32,73.76,78.86
128.12,113.32,73.76,78.86
134.12,114.32,73.76,78.86
141.12,112.32,73.76,78.86
149.12,110.32,73.76,78.86
155.12,106.32,73.76,78.86
161.12,105.32,73.76,78.86
166.12,103.32,73.76,78.86
170.12,102.32,73.76,78.86
174.12,101.32,73.76,78.86
172.12,103.32,73.76,78.86
178.12,102.32,73.76,78.86
186.12,101.32,73.76,78.86
190.12,100.32,73.76,78.86
193.12,100.32,73.76,78.86
195.12,100.32,73.76,78.86
196.12,100.32,73.76,78.86
197.12,100.32,73.76,78.86
198.12,101.32,73.76,78.86
197.12,101.32,73.76,78.86
197.12,101.32,73.76,78.86
197.12,101.32,73.76,78.86
196.12,101.32,73.76,78.86
196.12,101.32,73.76,78.86
196.12,101.32,73.76,78.86
196.12,101.32,73.76,78.86
196.12,101.32,73.76,78.86
196.12,101.32,73.76,78.86
196.12,101.32,73.76,78.86
196.12,101.32,73.76,78.86
195.12,101.32,73.76,78.86
195.12,101.32,73.76,78.86
196.12,101.32,73.76,78.86
196.12,101.32,73.76,78.86
196.12,101.32,73.76,78.86
