0.00065216
0.00054929
0.00053878
0.00066499
0.00096252
0.00054243
0.00052642
0.00048104
0.00047322
0.00051498
0.00066647
0.00048793
0.00047301
0.00051701
0.00047021
0.00047204
0.00047280
0.00047546
0.00052544
0.00047164
0.00055660
0.00048276
0.00046920
0.00047303
0.00046984
0.00047059
0.00047598
0.00047564
0.00047346
0.00047029
0.00076184
0.00000000
0.00000000
0.00000000
0.00000000
0.00158747
0.00264788
0.00263168
0.00263535
0.00317023
0.00264053
0.00262753
0.00263740
0.00285331
0.00271722
0.00267529
0.00267797
0.00277063
0.00268361
0.00262971
0.00283695
0.00000000
0.00000000
0.00000000
0.00000000
0.00096517
0.00166187
0.00163289
0.00185072
0.00163790
0.00162967
0.00168663
0.00169538
0.00168953
0.00168150
0.00163420
0.00157718
0.00158664
0.00167162
0.00195148
0.00163123
0.00157007
0.00157848
0.00161849
0.00162751
0.00163001
0.00162681
0.00156256
0.00162313
0.00161672
0.00202651
0.00157520
0.00161135
0.00155890
0.00156317
0.00167339
0.00166414
0.00157133
0.00157833
0.00160550
0.00156651
0.00161526
0.00168032
0.00157450
0.00155972
0.00161464
0.00158925
0.00172025
0.00166145
0.00161736
0.00156413
0.00156540
0.00157590
0.00167509
0.00000000
0.00000000
0.00000000
0.00000000
0.00060728
0.00069337
0.00068017
0.00067037
0.00066962
0.00067093
0.00068219
0.00000000
0.00000000
0.00000000
0.00000000
0.00045475
0.00064057
0.00069031
0.00083521
0.00062436
0.00060309
0.00059946
0.00060040
0.00064017
0.00059628
0.00082961
0.00062398
0.00060094
0.00060460
0.00059736
0.00060172
0.00059869
0.00064001
0.00059714
0.00060020
0.00065529
0.00059531
0.00059841
0.00059594
0.00060091
0.00059851
0.00059374
0.00059546
0.00059640
0.00059865
0.00060069
0.00064737
0.00059706
0.00059623
0.00060147
0.00059740
0.00059866
0.00000000
0.00000000
0.00000000
0.00000000
0.00046842
0.00060485
0.00059835
0.00059839
0.00059761
0.00059699
0.00060025
0.00059693
0.00059892
0.00059672
0.00060176
0.00059901
0.00059758
0.00059679
0.00059622
0.00059291
0.00059200
0.00059659
0.00059354
0.00059043
0.00059012
0.00059132
0.00059018
0.00058935
0.00059269
0.00059014
0.00059128
0.00058980
0.00058960
0.00059319
0.00059043
0.00059438
0.00058964
0.00058857
0.00000000
0.00000000
0.00000000
0.00000000
0.00073594
0.00111600
0.00110971
0.00109734
0.00109785
0.00110622
0.00110215
0.00110503
0.00109714
0.00110099
0.00110154
0.00109844
0.00109742
0.00112350
0.00110808
0.00110124
0.00110836
0.00110312
0.00110513
0.00109983
0.00109879
0.00110096
0.00110195
0.00110609
0.00109892
0.00110737
0.00110034
0.00109961
0.00109927
0.00110423
0.00110017
0.00127914
0.00112451
0.00110237
0.00110740
0.00109779
0.00109601
0.00110352
0.00110045
0.00110053
0.00109680
0.00110818
0.00110060
0.00110421
0.00109750
0.00113740
