0.00068576
0.00076869
0.00064286
0.00059285
0.00059260
0.00059420
0.00059099
0.00058988
0.00059172
0.00059011
0.00060896
0.00059948
0.00059442
0.00059046
0.00059114
0.00059240
0.00058858
0.00069720
0.00059010
0.00067036
0.00059340
0.00059098
0.00066344
0.00059246
0.00058948
0.00059501
0.00059188
0.00059224
0.00059168
0.00059070
0.00059176
0.00059065
0.00058921
0.00058842
0.00059591
0.00059400
0.00059425
0.00060271
0.00059388
0.00059863
0.00059578
0.00059191
0.00064000
0.00059340
0.00059459
0.00064476
0.00059216
0.00059123
0.00063671
0.00059035
0.00059186
0.00063244
0.00058970
0.00058957
0.00059073
0.00059121
0.00058977
0.00058887
0.00059044
0.00059016
0.00059238
0.00058959
0.00058880
0.00058898
0.00058839
0.00059468
0.00058912
0.00058936
0.00059763
0.00058967
0.00058897
0.00059513
0.00059353
0.00059073
0.00059143
0.00059132
0.00058992
0.00058988
0.00059175
0.00059229
0.00059216
0.00059182
0.00059476
0.00059105
0.00059229
0.00060104
0.00059361
0.00059097
0.00059171
0.00059201
0.00059293
0.00059234
0.00059194
0.00059537
0.00059443
0.00059225
0.00059318
0.00059048
0.00059185
0.00059225
0.00059305
0.00060024
0.00058972
0.00058950
0.00059069
0.00059111
0.00059064
0.00058857
0.00058876
0.00059577
0.00059269
0.00059008
0.00059528
0.00058840
0.00058994
0.00059674
0.00059246
0.00058928
0.00059120
0.00059009
0.00061196
0.00059244
0.00058936
0.00059193
0.00059228
0.00059328
0.00059196
0.00059166
0.00059648
0.00059028
0.00059345
0.00059130
0.00059071
0.00058937
0.00059130
0.00059006
0.00059541
0.00058783
0.00058929
0.00059456
0.00059173
0.00059113
0.00059079
0.00058941
0.00059428
0.00059340
0.00059276
0.00060208
0.00059186
0.00059383
0.00059245
0.00059059
0.00058924
0.00058953
0.00059134
0.00059861
0.00059144
0.00059034
0.00059668
0.00059029
0.00059078
0.00059001
0.00058615
0.00058843
0.00058963
0.00058903
0.00058819
0.00058928
0.00058838
0.00059643
0.00059004
0.00058858
0.00059484
0.00059185
0.00059412
0.00059220
0.00059087
0.00058734
0.00058988
0.00059084
0.00059501
0.00058832
0.00058912
0.00059829
0.00059000
0.00058927
0.00063211
0.00058871
0.00058691
0.00058879
0.00058898
0.00058918
0.00058874
0.00058779
0.00059505
0.00058914
0.00058898
0.00059719
0.00058929
0.00059056
0.00059190
0.00058840
0.00058818
0.00058805
0.00058943
0.00058992
0.00058844
0.00058667
0.00059226
0.00058753
0.00059009
0.00059831
0.00058723
0.00058716
0.00058944
0.00059017
0.00058684
0.00058811
0.00058767
0.00058890
0.00059272
0.00058962
0.00059663
0.00058903
0.00059048
0.00059378
0.00058969
0.00058677
0.00070535
0.00079171
0.00076592
0.00065813
0.00061251
0.00061847
0.00059937
0.00059410
0.00059291
0.00059366
0.00059400
0.00065193
0.00060089
0.00063753
0.00059875
0.00059318
0.00063867
0.00059136
0.00059375
0.00059293
0.00059666
0.00059670
0.00064691
0.00099500
0.00114973
0.00061370
0.00064531
0.00059197
0.00059028
0.00058952
0.00058699
0.00058597
0.00058936
0.00058635
0.00058697
0.00058723
0.00068246
0.00060012
0.00059097
0.00058647
0.00059407
0.00058911
0.00058862
0.00058738
0.00058639
0.00058675
0.00058878
0.00058868
0.00058879
0.00059037
0.00058946
0.00058916
0.00059223
0.00059148
0.00059698
0.00059138
0.00058968
0.00059431
0.00058901
0.00058724
0.00059523
0.00058978
0.00059050
0.00059742
0.00059006
0.00058768
0.00059016
0.00059014
0.00058820
0.00058894
0.00058631
0.00063859
0.00058852
0.00058977
0.00059340
