1
139.00,26.00,33.00,129.00
138.00,26.00,33.00,129.00
138.00,26.00,33.00,129.00
138.00,27.00,33.00,129.00
137.00,27.00,33.00,129.00
137.00,28.00,33.00,129.00
136.00,28.00,33.00,129.00
135.00,28.00,33.00,129.00
135.00,29.00,33.00,129.00
134.00,30.00,33.00,129.00
134.00,30.00,33.00,129.00
134.00,31.00,33.00,129.00
133.00,31.00,33.00,129.00
133.00,32.00,33.00,129.00
132.00,32.00,33.00,129.00
132.00,32.00,33.00,129.00
132.00,32.00,33.00,129.00
132.00,31.00,33.00,129.00
132.00,30.00,33.00,129.00
132.00,30.00,33.00,129.00
133.00,29.00,33.00,129.00
134.00,29.00,33.00,129.00
134.00,29.00,33.00,129.00
134.00,30.00,33.00,129.00
135.00,30.00,33.00,129.00
135.00,30.00,33.00,129.00
136.00,30.00,33.00,129.00
136.00,30.00,33.00,129.00
136.00,30.00,33.00,129.00
137.00,31.00,33.00,129.00
137.00,31.00,33.00,129.00
137.00,32.00,33.00,129.00
137.00,32.00,33.00,129.00
136.00,33.00,33.00,129.00
136.00,33.00,33.00,129.00
135.00,34.00,33.00,129.00
134.00,34.00,33.00,129.00
134.00,34.00,33.00,129.00
133.00,34.00,33.00,129.00
133.00,34.00,33.00,129.00
133.00,34.00,33.00,129.00
132.00,34.00,33.00,129.00
132.00,34.00,33.00,129.00
132.00,34.00,33.00,129.00
133.00,35.00,33.00,129.00
133.00,35.00,33.00,129.00
133.00,35.00,33.00,129.00
133.00,36.00,33.00,129.00
133.00,36.00,33.00,129.00
133.00,37.00,33.00,129.00
132.00,36.00,33.00,129.00
132.00,36.00,33.00,129.00
132.00,36.00,33.00,129.00
132.00,36.00,33.00,129.00
131.00,36.00,33.00,129.00
131.00,36.00,33.00,129.00
132.00,36.00,33.00,129.00
132.00,35.00,33.00,129.00
132.00,35.00,33.00,129.00
133.00,34.00,33.00,129.00
133.00,34.00,33.00,129.00
134.00,34.00,33.00,129.00
134.00,34.00,33.00,129.00
134.00,35.00,33.00,129.00
135.00,35.00,33.00,129.00
134.00,35.00,33.00,129.00
134.00,34.00,33.00,129.00
134.00,34.00,33.00,129.00
134.00,34.00,33.00,129.00
133.00,35.00,33.00,129.00
133.00,35.00,33.00,129.00
132.00,35.00,33.00,129.00
129.00,35.00,33.00,129.00
128.00,35.00,33.00,129.00
123.00,34.00,33.00,129.00
118.00,33.00,33.00,129.00
114.00,32.00,33.00,129.00
108.00,31.00,33.00,129.00
100.00,29.00,33.00,129.00
97.00,28.00,33.00,129.00
89.00,25.00,33.00,129.00
84.00,23.00,33.00,129.00
82.00,22.00,33.00,129.00
78.00,19.00,33.00,129.00
75.00,17.00,33.00,129.00
74.00,16.00,33.00,129.00
72.00,15.00,33.00,129.00
2
0
0
0
0
1
99.00,41.00,57.00,96.00
96.00,40.00,57.00,96.00
90.00,38.00,57.00,96.00
81.00,37.00,57.00,96.00
77.00,37.00,57.00,96.00
67.00,37.00,57.00,96.00
59.00,38.00,57.00,96.00
2
0
0
0
0
1
125.00,43.00,47.00,108.00
128.00,43.00,47.00,108.00
131.00,41.00,47.00,108.00
132.00,40.00,47.00,108.00
133.00,39.00,47.00,108.00
135.00,38.00,47.00,108.00
139.00,37.00,47.00,108.00
128.00,35.00,47.00,108.00
125.00,34.00,47.00,108.00
124.00,33.00,47.00,108.00
131.00,35.00,47.00,108.00
129.00,35.00,47.00,108.00
128.00,36.00,47.00,108.00
128.00,37.00,47.00,108.00
128.00,38.00,47.00,108.00
129.00,38.00,47.00,108.00
132.00,39.00,47.00,108.00
135.00,38.00,47.00,108.00
136.00,38.00,47.00,108.00
136.00,37.00,47.00,108.00
135.00,37.00,47.00,108.00
134.00,37.00,47.00,108.00
131.00,37.00,47.00,108.00
128.00,35.00,47.00,108.00
129.00,36.00,47.00,108.00
130.00,41.00,47.00,108.00
131.00,46.00,47.00,108.00
132.00,47.00,47.00,108.00
134.00,49.00,47.00,108.00
138.00,45.00,47.00,108.00
140.00,43.00,47.00,108.00
123.00,43.00,47.00,108.00
122.00,47.00,47.00,108.00
121.00,47.00,47.00,108.00
74.00,25.00,47.00,108.00
70.00,24.00,47.00,108.00
70.00,24.00,47.00,108.00
2
0
0
0
0
1
134.00,54.00,78.00,86.00
133.00,19.00,78.00,86.00
120.00,57.00,78.00,86.00
122.00,58.00,78.00,86.00
108.00,85.00,78.00,86.00
111.00,82.00,78.00,86.00
146.00,113.00,78.00,86.00
145.00,112.00,78.00,86.00
145.00,105.00,78.00,86.00
145.00,104.00,78.00,86.00
146.00,103.00,78.00,86.00
146.00,102.00,78.00,86.00
146.00,102.00,78.00,86.00
146.00,100.00,78.00,86.00
2
0
0
0
0
1
124.00,28.00,65.00,74.00
129.00,51.00,65.00,74.00
123.00,80.00,65.00,74.00
121.00,79.00,65.00,74.00
119.00,75.00,65.00,74.00
119.00,71.00,65.00,74.00
119.00,70.00,65.00,74.00
121.00,68.00,65.00,74.00
120.00,66.00,65.00,74.00
119.00,65.00,65.00,74.00
119.00,62.00,65.00,74.00
120.00,61.00,65.00,74.00
120.00,60.00,65.00,74.00
119.00,58.00,65.00,74.00
118.00,58.00,65.00,74.00
117.00,58.00,65.00,74.00
117.00,57.00,65.00,74.00
117.00,54.00,65.00,74.00
117.00,54.00,65.00,74.00
116.00,53.00,65.00,74.00
116.00,52.00,65.00,74.00
116.00,52.00,65.00,74.00
116.00,51.00,65.00,74.00
117.00,50.00,65.00,74.00
118.00,50.00,65.00,74.00
119.00,50.00,65.00,74.00
118.00,50.00,65.00,74.00
118.00,50.00,65.00,74.00
118.00,49.00,65.00,74.00
117.00,49.00,65.00,74.00
116.00,49.00,65.00,74.00
114.00,49.00,65.00,74.00
112.00,49.00,65.00,74.00
110.00,49.00,65.00,74.00
108.00,50.00,65.00,74.00
106.00,50.00,65.00,74.00
105.00,50.00,65.00,74.00
