0.00370904
0.00485241
0.00437677
0.00394508
0.00395693
0.00403940
0.00397344
0.00383678
0.00389983
0.00385832
0.00398288
0.00387688
0.00390576
0.00384025
0.00390071
0.00443921
0.00398579
0.00388402
0.00393546
0.00386924
0.00392932
0.00395768
0.00388698
0.00382728
0.00388662
0.00386645
0.00388599
0.00383721
0.00390065
0.00381747
0.00388622
0.00382525
0.00388673
0.00382383
0.00388893
0.00382236
0.00388530
0.00382192
0.00388650
0.00386936
0.00394542
0.00386961
0.00455319
0.00393920
0.00390166
0.00383468
0.00388665
0.00382156
0.00388421
0.00382246
0.00388363
0.00382995
0.00388356
0.00391209
0.00393904
0.00382453
0.00389652
0.00382987
0.00388166
0.00382760
0.00399832
0.00390449
0.00389742
0.00383353
0.00388496
0.00382699
0.00388599
0.00386313
0.00388198
0.00382139
0.00387949
0.00383090
0.00388670
0.00382215
0.00388412
0.00382583
0.00388506
0.00382073
0.00388699
0.00384038
0.00388867
0.00386871
0.00388931
0.00382246
0.00388314
0.00382098
0.00388558
0.00382386
0.00388177
0.00000000
0.00000000
0.00000000
0.00000000
0.00070896
0.00100655
0.00091107
0.00091046
0.00090739
0.00090829
0.00090766
0.00090807
0.00091392
0.00000000
0.00000000
0.00000000
0.00000000
0.00103822
0.00172142
0.00194423
0.00157129
0.00194687
0.00156564
0.00194246
0.00157144
0.00194163
0.00156853
0.00194617
0.00156637
0.00195139
0.00157350
0.00194048
0.00157498
0.00194271
0.00156695
0.00199300
0.00156601
0.00193873
0.00157448
0.00194224
0.00156715
0.00194671
0.00157087
0.00194803
0.00156700
0.00194061
0.00157297
0.00194104
0.00156851
0.00194496
0.00156667
0.00194717
0.00157303
0.00194000
0.00157366
0.00194154
0.00000000
0.00000000
0.00000000
0.00000000
0.00074220
0.00104858
0.00110789
0.00130643
0.00105146
0.00105265
0.00105840
0.00105177
0.00105340
0.00104955
0.00105261
0.00104837
0.00104808
0.00104909
0.00104984
0.00105261
0.00000000
0.00000000
0.00000000
0.00000000
0.00049870
0.00066409
0.00066047
0.00065712
0.00066192
0.00065528
0.00065885
0.00065920
0.00065688
0.00066780
0.00065743
0.00065789
0.00065690
0.00066027
0.00066139
0.00066031
0.00065700
0.00066396
0.00065578
0.00065650
0.00065720
0.00065904
0.00065704
0.00066001
0.00065774
0.00066585
0.00065721
0.00065827
0.00065504
0.00065696
0.00066992
0.00066080
0.00065612
0.00066558
0.00065946
0.00065761
0.00065744
0.00065707
