0.00044004
0.00060700
0.00092740
0.00082149
0.00072884
0.00067837
0.00067066
0.00067332
0.00066599
0.00066974
0.00070976
0.00067460
0.00066607
0.00067716
0.00064764
0.00068306
0.00067182
0.00067692
0.00070124
0.00070945
0.00067180
0.00067321
0.00065145
0.00067715
0.00067196
0.00067166
0.00068032
0.00067154
0.00066687
0.00068178
0.00067012
0.00067144
0.00067818
0.00066878
0.00067176
0.00067790
0.00066353
0.00066813
0.00067810
0.00067085
0.00067851
0.00068140
0.00067080
0.00067054
0.00065360
0.00067724
0.00068018
0.00067359
0.00065614
0.00067277
0.00071243
0.00076444
0.00068624
0.00074411
0.00077931
0.00069932
0.00067698
0.00067679
0.00069797
0.00075529
0.00065292
0.00067893
0.00066965
0.00067312
0.00067340
0.00067854
0.00066895
0.00067645
0.00066604
0.00067335
0.00067972
0.00067052
0.00067447
0.00067546
0.00070795
0.00067203
0.00067698
0.00066883
0.00066674
0.00067594
0.00067346
0.00069010
0.00067088
0.00067169
0.00067180
0.00067469
0.00066881
0.00067275
0.00067146
0.00066945
0.00067264
0.00067194
0.00066442
0.00067075
0.00066708
0.00067019
0.00066701
0.00067734
0.00066767
0.00066887
0.00066573
0.00067142
0.00067004
0.00066958
0.00067054
0.00066945
0.00067113
0.00066786
0.00067360
0.00066880
0.00066454
0.00069828
0.00067291
0.00066915
0.00066721
0.00066941
0.00067190
0.00067102
0.00065990
0.00067093
0.00066770
0.00067017
0.00066586
0.00067171
0.00066552
0.00066568
0.00066426
0.00064252
0.00066530
0.00067067
0.00066358
0.00067833
0.00067030
0.00067617
0.00066577
0.00066822
0.00066734
0.00067608
0.00066406
0.00067363
0.00066248
0.00066868
0.00066595
0.00066885
0.00066520
0.00066732
0.00066936
0.00066937
0.00066941
0.00067955
0.00066967
0.00067030
0.00066895
0.00068241
0.00066619
0.00067268
0.00066589
0.00066770
0.00067046
0.00066929
0.00066775
0.00066420
0.00066650
0.00067126
0.00066561
0.00066712
0.00066583
0.00066962
0.00066320
0.00066794
0.00066470
0.00066781
0.00065883
0.00066881
0.00066783
0.00067547
0.00066521
0.00067085
0.00067226
0.00066971
0.00066697
0.00067002
0.00066563
0.00065407
0.00064686
0.00064737
0.00065332
0.00065207
0.00064646
0.00064821
0.00065003
0.00065068
0.00064807
0.00064865
0.00065419
0.00064934
0.00064736
0.00064532
0.00064773
0.00065698
0.00066621
0.00066767
0.00067174
0.00066974
0.00067183
0.00067959
0.00066785
0.00067534
0.00066825
0.00067372
0.00066997
0.00067694
0.00067024
0.00066888
0.00067052
0.00067944
0.00066668
0.00067369
0.00066534
0.00066075
0.00066078
0.00065039
0.00064954
0.00065114
0.00064848
0.00065542
0.00064696
0.00065413
0.00067231
0.00067451
0.00067356
0.00068682
0.00067527
0.00067033
0.00066816
0.00067880
0.00064634
0.00068479
0.00065967
0.00063776
0.00064986
0.00064955
0.00067052
0.00068094
0.00066915
0.00066988
0.00066718
0.00067216
0.00066885
0.00067072
0.00066899
0.00068100
