1
8.00,166.00,44.00,28.00
10.00,166.00,44.00,28.00
11.00,166.00,44.00,28.00
13.00,167.00,44.00,28.00
15.00,167.00,44.00,28.00
16.00,167.00,44.00,28.00
18.00,167.00,44.00,28.00
19.00,168.00,44.00,28.00
20.00,168.00,44.00,28.00
21.00,168.00,44.00,28.00
22.00,168.00,44.00,28.00
24.00,168.00,44.00,28.00
25.00,168.00,44.00,28.00
27.00,168.00,44.00,28.00
28.00,169.00,44.00,28.00
29.00,169.00,44.00,28.00
31.00,169.00,44.00,28.00
32.00,169.00,44.00,28.00
34.00,169.00,44.00,28.00
35.00,170.00,44.00,28.00
37.00,170.00,44.00,28.00
39.00,170.00,44.00,28.00
41.00,170.00,44.00,28.00
42.00,171.00,44.00,28.00
44.00,171.00,44.00,28.00
45.00,171.00,44.00,28.00
46.00,171.00,44.00,28.00
47.00,171.00,44.00,28.00
48.00,171.00,44.00,28.00
49.00,171.00,44.00,28.00
50.00,171.00,44.00,28.00
51.00,171.00,44.00,28.00
52.00,171.00,44.00,28.00
53.00,171.00,44.00,28.00
54.00,172.00,44.00,28.00
55.00,172.00,44.00,28.00
56.00,172.00,44.00,28.00
57.00,172.00,44.00,28.00
58.00,172.00,44.00,28.00
59.00,172.00,44.00,28.00
60.00,172.00,44.00,28.00
61.00,172.00,44.00,28.00
63.00,172.00,44.00,28.00
64.00,172.00,44.00,28.00
65.00,172.00,44.00,28.00
66.00,171.00,44.00,28.00
68.00,171.00,44.00,28.00
69.00,171.00,44.00,28.00
70.00,171.00,44.00,28.00
71.00,171.00,44.00,28.00
73.00,171.00,44.00,28.00
74.00,171.00,44.00,28.00
75.00,171.00,44.00,28.00
76.00,171.00,44.00,28.00
77.00,171.00,44.00,28.00
78.00,171.00,44.00,28.00
79.00,171.00,44.00,28.00
81.00,171.00,44.00,28.00
82.00,171.00,44.00,28.00
83.00,171.00,44.00,28.00
83.00,171.00,44.00,28.00
84.00,171.00,44.00,28.00
85.00,171.00,44.00,28.00
85.00,171.00,44.00,28.00
85.00,171.00,44.00,28.00
85.00,172.00,44.00,28.00
85.00,172.00,44.00,28.00
85.00,172.00,44.00,28.00
85.00,172.00,44.00,28.00
86.00,172.00,44.00,28.00
86.00,173.00,44.00,28.00
86.00,173.00,44.00,28.00
86.00,173.00,44.00,28.00
86.00,173.00,44.00,28.00
87.00,174.00,44.00,28.00
87.00,174.00,44.00,28.00
87.00,174.00,44.00,28.00
87.00,174.00,44.00,28.00
87.00,174.00,44.00,28.00
87.00,174.00,44.00,28.00
87.00,175.00,44.00,28.00
87.00,175.00,44.00,28.00
87.00,175.00,44.00,28.00
87.00,175.00,44.00,28.00
87.00,175.00,44.00,28.00
87.00,175.00,44.00,28.00
87.00,175.00,44.00,28.00
87.00,175.00,44.00,28.00
87.00,176.00,44.00,28.00
87.00,176.00,44.00,28.00
87.00,176.00,44.00,28.00
87.00,176.00,44.00,28.00
87.00,176.00,44.00,28.00
87.00,176.00,44.00,28.00
87.00,176.00,44.00,28.00
87.00,176.00,44.00,28.00
87.00,176.00,44.00,28.00
87.00,176.00,44.00,28.00
87.00,176.00,44.00,28.00
87.00,176.00,44.00,28.00
88.00,177.00,44.00,28.00
88.00,177.00,44.00,28.00
88.00,177.00,44.00,28.00
88.00,177.00,44.00,28.00
88.00,177.00,44.00,28.00
89.00,177.00,44.00,28.00
89.00,177.00,44.00,28.00
90.00,177.00,44.00,28.00
90.00,177.00,44.00,28.00
91.00,177.00,44.00,28.00
91.00,177.00,44.00,28.00
92.00,177.00,44.00,28.00
93.00,177.00,44.00,28.00
93.00,177.00,44.00,28.00
94.00,177.00,44.00,28.00
94.00,177.00,44.00,28.00
94.00,177.00,44.00,28.00
95.00,177.00,44.00,28.00
95.00,176.00,44.00,28.00
95.00,176.00,44.00,28.00
96.00,176.00,44.00,28.00
97.00,176.00,44.00,28.00
98.00,176.00,44.00,28.00
99.00,176.00,44.00,28.00
100.00,175.00,44.00,28.00
101.00,175.00,44.00,28.00
102.00,175.00,44.00,28.00
103.00,175.00,44.00,28.00
104.00,175.00,44.00,28.00
105.00,175.00,44.00,28.00
106.00,175.00,44.00,28.00
108.00,175.00,44.00,28.00
109.00,175.00,44.00,28.00
110.00,175.00,44.00,28.00
111.00,175.00,44.00,28.00
112.00,175.00,44.00,28.00
113.00,175.00,44.00,28.00
114.00,175.00,44.00,28.00
115.00,175.00,44.00,28.00
117.00,175.00,44.00,28.00
118.00,175.00,44.00,28.00
120.00,175.00,44.00,28.00
121.00,175.00,44.00,28.00
123.00,175.00,44.00,28.00
124.00,175.00,44.00,28.00
126.00,175.00,44.00,28.00
128.00,175.00,44.00,28.00
130.00,175.00,44.00,28.00
131.00,175.00,44.00,28.00
133.00,175.00,44.00,28.00
135.00,175.00,44.00,28.00
136.00,174.00,44.00,28.00
138.00,174.00,44.00,28.00
139.00,174.00,44.00,28.00
141.00,174.00,44.00,28.00
143.00,174.00,44.00,28.00
144.00,174.00,44.00,28.00
147.00,174.00,44.00,28.00
151.00,175.00,44.00,28.00
153.00,175.00,44.00,28.00
154.00,175.00,44.00,28.00
154.00,175.00,44.00,28.00
155.00,175.00,44.00,28.00
158.00,175.00,44.00,28.00
159.00,175.00,44.00,28.00
160.00,175.00,44.00,28.00
161.00,174.00,44.00,28.00
162.00,174.00,44.00,28.00
164.00,174.00,44.00,28.00
163.00,166.00,44.00,28.00
166.00,173.00,44.00,28.00
170.00,173.00,44.00,28.00
171.00,173.00,44.00,28.00
173.00,173.00,44.00,28.00
174.00,173.00,44.00,28.00
175.00,173.00,44.00,28.00
175.00,173.00,44.00,28.00
176.00,173.00,44.00,28.00
177.00,173.00,44.00,28.00
178.00,173.00,44.00,28.00
179.00,172.00,44.00,28.00
181.00,172.00,44.00,28.00
182.00,172.00,44.00,28.00
183.00,172.00,44.00,28.00
185.00,172.00,44.00,28.00
188.00,172.00,44.00,28.00
192.00,172.00,44.00,28.00
198.00,171.00,44.00,28.00
203.00,171.00,44.00,28.00
208.00,170.00,44.00,28.00
214.00,170.00,44.00,28.00
220.00,169.00,44.00,28.00
224.00,169.00,44.00,28.00
227.00,168.00,44.00,28.00
228.00,167.00,44.00,28.00
230.00,167.00,44.00,28.00
231.00,166.00,44.00,28.00
231.00,166.00,44.00,28.00
231.00,165.00,44.00,28.00
230.00,164.00,44.00,28.00
229.00,163.00,44.00,28.00
227.00,163.00,44.00,28.00
223.00,162.00,44.00,28.00
220.00,161.00,44.00,28.00
216.00,160.00,44.00,28.00
214.00,159.00,44.00,28.00
213.00,158.00,44.00,28.00
213.00,158.00,44.00,28.00
214.00,157.00,44.00,28.00
215.00,156.00,44.00,28.00
216.00,155.00,44.00,28.00
216.00,153.00,44.00,28.00
216.00,152.00,44.00,28.00
216.00,156.00,44.00,28.00
216.00,157.00,44.00,28.00
216.00,160.00,44.00,28.00
216.00,159.00,44.00,28.00
216.00,160.00,44.00,28.00
216.00,160.00,44.00,28.00
216.00,169.00,44.00,28.00
216.00,169.00,44.00,28.00
215.00,169.00,44.00,28.00
215.00,168.00,44.00,28.00
214.00,168.00,44.00,28.00
213.00,168.00,44.00,28.00
213.00,166.00,44.00,28.00
213.00,164.00,44.00,28.00
213.00,163.00,44.00,28.00
216.00,161.00,44.00,28.00
221.00,160.00,44.00,28.00
226.00,160.00,44.00,28.00
231.00,159.00,44.00,28.00
236.00,159.00,44.00,28.00
242.00,159.00,44.00,28.00
247.00,158.00,44.00,28.00
254.00,158.00,44.00,28.00
260.00,158.00,44.00,28.00
266.00,157.00,44.00,28.00
272.00,156.00,44.00,28.00
278.00,155.00,44.00,28.00
285.00,154.00,44.00,28.00
292.00,154.00,44.00,28.00
300.00,153.00,44.00,28.00
310.00,152.00,44.00,28.00
323.00,151.00,44.00,28.00
329.00,141.00,44.00,28.00
329.00,127.00,44.00,28.00
329.00,131.00,44.00,28.00
329.00,133.00,44.00,28.00
329.00,132.00,44.00,28.00
329.00,127.00,44.00,28.00
