0.00117192
0.00197364
0.00217869
0.00170757
0.00150913
0.00182955
0.00201650
0.00196489
0.00156023
0.00169415
0.00169155
0.00157435
0.00151397
0.00150235
0.00149619
0.00150284
0.00149742
0.00155395
0.00154227
0.00149919
0.00149734
0.00150046
0.00149946
0.00158710
0.00150368
0.00149906
0.00183838
0.00183772
0.00152546
0.00155834
0.00150327
0.00150264
0.00157051
0.00149775
0.00149974
0.00155010
0.00149789
0.00150190
0.00149861
0.00149887
0.00150345
0.00149693
0.00150671
0.00154359
0.00150260
0.00154712
0.00149710
0.00149848
0.00155004
0.00149935
0.00149909
0.00000000
0.00000000
0.00000000
0.00000000
0.00160175
0.00276560
0.00262037
0.00261839
0.00262826
0.00261663
0.00262473
0.00262190
0.00262441
0.00262062
0.00262232
0.00262660
0.00261864
0.00261142
0.00261839
0.00261225
0.00262257
0.00261953
0.00262339
0.00261705
0.00267415
0.00265541
0.00261422
0.00261473
0.00261992
0.00261398
0.00262267
0.00261767
0.00262209
0.00262195
0.00262558
0.00261994
0.00261813
0.00261647
0.00262208
0.00261484
0.00262328
0.00263292
0.00262359
0.00000000
0.00000000
0.00000000
0.00000000
0.00042629
0.00054038
0.00053818
0.00053715
0.00055499
0.00053499
0.00054979
0.00053775
0.00053453
0.00053887
0.00053673
0.00053444
0.00053710
0.00053633
0.00054235
0.00053687
0.00053330
0.00054156
0.00053754
0.00054501
0.00053428
0.00053536
0.00053768
0.00053256
0.00053716
0.00053462
0.00053297
0.00054293
0.00053702
0.00053421
0.00053911
0.00053742
0.00058466
0.00054007
0.00053338
0.00053443
0.00053662
0.00053580
0.00053467
0.00053603
0.00053669
0.00053276
0.00053629
0.00053574
0.00053191
0.00053969
0.00053353
0.00053169
0.00053516
0.00053444
0.00053311
0.00053519
0.00053388
0.00053770
0.00053714
0.00053566
0.00053356
0.00053446
0.00053989
0.00053498
0.00053723
0.00053564
0.00053361
0.00053371
0.00053487
0.00054148
0.00054399
0.00053465
0.00053331
0.00053599
0.00053561
0.00054002
0.00053590
0.00053718
0.00053346
0.00053638
0.00053290
0.00053443
0.00053597
0.00000000
0.00000000
0.00000000
0.00000000
0.00038303
0.00045147
0.00045010
0.00045595
0.00044971
0.00044692
0.00045463
0.00044801
0.00044975
0.00044815
0.00044786
0.00044941
0.00045132
0.00045071
0.00045256
0.00045330
0.00045177
0.00044937
0.00045201
0.00045049
0.00045011
0.00045231
0.00044786
0.00045135
0.00045019
0.00045059
0.00045100
0.00045704
0.00045098
0.00045098
0.00045897
0.00045031
0.00045036
0.00045093
0.00044941
0.00045079
0.00045084
0.00044890
0.00044927
0.00045060
0.00045266
0.00045179
0.00045073
0.00045198
0.00045227
0.00045286
0.00045466
0.00045214
0.00045099
0.00045067
