0.00066933
0.00069049
0.00066625
0.00066642
0.00066982
0.00069791
0.00081179
0.00067007
0.00067564
0.00076937
0.00073928
0.00068687
0.00128326
0.00102494
0.00076558
0.00086161
0.00069126
0.00071679
0.00066958
0.00088278
0.00076499
0.00068017
0.00072146
0.00066728
0.00066676
0.00071169
0.00104460
0.00072638
0.00067069
0.00066630
0.00087619
0.00086874
0.00072381
0.00066734
0.00066769
0.00066575
0.00103293
0.00073173
0.00067264
0.00066827
0.00080425
0.00068662
0.00071534
0.00066994
0.00066861
0.00066680
0.00069111
0.00085158
0.00067259
0.00066663
0.00078631
0.00073196
0.00071967
0.00066389
0.00071768
0.00066522
0.00066618
0.00099103
0.00068358
0.00066575
0.00066925
0.00084477
0.00073211
0.00083255
0.00067461
0.00066672
0.00066769
0.00069252
0.00082454
0.00067015
0.00066902
0.00077355
0.00075893
0.00067328
0.00066977
0.00071249
0.00066709
0.00066324
0.00083401
0.00068295
0.00071036
0.00066741
0.00089239
0.00070949
0.00067215
0.00066749
0.00067158
0.00066574
0.00067403
0.00091616
0.00068843
0.00071254
0.00076616
0.00080586
0.00079209
0.00071825
0.00069535
0.00068951
0.00072825
0.00079909
0.00084720
0.00068782
0.00067675
0.00085933
0.00069192
0.00066936
0.00067651
0.00067100
0.00072664
0.00072479
0.00102090
0.00072152
0.00068920
0.00116068
0.00085829
0.00073125
0.00067543
0.00066834
0.00071438
0.00066948
0.00067079
0.00067031
0.00067154
0.00066779
0.00077474
0.00077614
0.00070497
0.00073788
0.00090332
0.00067553
0.00067178
0.00093767
0.00069447
0.00068743
0.00067660
0.00083727
0.00077307
0.00067631
0.00067219
0.00067063
0.00067066
0.00071163
0.00105363
0.00068674
0.00067354
0.00066963
0.00086226
0.00069943
0.00067720
0.00066892
0.00067261
0.00066998
0.00067038
0.00090253
0.00068545
0.00066952
0.00066820
0.00084664
0.00068526
0.00067468
0.00067028
0.00066729
0.00068057
0.00069847
0.00079779
0.00067359
0.00067021
0.00083189
0.00079038
0.00068177
0.00067714
0.00066973
0.00072688
0.00066893
0.00092722
0.00069315
0.00067160
0.00067891
0.00076185
0.00072548
0.00078679
0.00067717
0.00072111
0.00066608
0.00066719
0.00093831
0.00067655
0.00071040
0.00076150
0.00069124
0.00067576
0.00066900
0.00066972
0.00067034
0.00067147
0.00071282
0.00067854
0.00066916
0.00066986
0.00080047
0.00068381
0.00067251
0.00067082
0.00066913
0.00066807
0.00066281
0.00066728
0.00067353
0.00067267
0.00066527
0.00066653
0.00072518
0.00066803
0.00066585
0.00066770
0.00066643
0.00066877
0.00066435
0.00066765
0.00067097
0.00066656
0.00066592
0.00066685
0.00066366
0.00066751
0.00066594
0.00066406
0.00067025
0.00066462
0.00066116
0.00066618
0.00066474
0.00066660
0.00066513
0.00066591
0.00066961
0.00066571
0.00066286
0.00066553
0.00066125
0.00066313
0.00066170
0.00066348
0.00066844
0.00066450
0.00066423
0.00066529
0.00066293
0.00066610
0.00066588
0.00066294
0.00066964
0.00066716
0.00066226
0.00066506
0.00066055
0.00066278
0.00066317
0.00066237
0.00066656
0.00066454
0.00066069
0.00066354
0.00066077
0.00066086
0.00066226
0.00066229
0.00066862
0.00066383
0.00066237
0.00066605
0.00066214
0.00066372
0.00066319
0.00066465
0.00067122
0.00066830
0.00066438
0.00066609
0.00066365
0.00066736
0.00066353
0.00066719
0.00066910
0.00066638
0.00066271
0.00066984
0.00070761
0.00066981
0.00066503
0.00066497
0.00067089
0.00066376
0.00066185
0.00066651
0.00066442
0.00068093
0.00066640
0.00066418
0.00071578
0.00066455
0.00066313
0.00066654
0.00066173
0.00067051
0.00066081
0.00066501
0.00066345
0.00066800
0.00066281
0.00066713
0.00066976
0.00068067
0.00066838
0.00067152
0.00066954
0.00067347
0.00075795
0.00067916
0.00066978
0.00069127
0.00067170
0.00067373
0.00066853
0.00067257
0.00067311
0.00067110
0.00066502
0.00067012
0.00066535
0.00067456
0.00066689
0.00067030
0.00066562
0.00066877
0.00066704
0.00067102
0.00066778
0.00067922
0.00066990
0.00067585
0.00067128
0.00067097
0.00071372
0.00066840
0.00066203
0.00066638
0.00066335
0.00067097
0.00066327
0.00066557
0.00071153
0.00066870
0.00066646
0.00067079
0.00066649
0.00067587
0.00066586
0.00067023
0.00066581
0.00066989
0.00066954
0.00067101
0.00066615
0.00067508
0.00066644
0.00067103
0.00066609
0.00067098
0.00067235
0.00067375
0.00066887
0.00067336
0.00066524
0.00067240
0.00066819
0.00067009
0.00067130
0.00067279
0.00066870
0.00067288
0.00066593
0.00066988
0.00066728
0.00066906
0.00066995
0.00066952
0.00066486
0.00067114
0.00066502
0.00067270
0.00066538
0.00067124
0.00067273
0.00066954
0.00066440
0.00066996
0.00066632
0.00067552
0.00066598
0.00067002
0.00067191
0.00067421
0.00066754
0.00067226
0.00066580
0.00072081
0.00066396
0.00066591
0.00066501
0.00066325
0.00071462
0.00066686
0.00066218
0.00066693
0.00066244
0.00066908
0.00070651
0.00066568
0.00066327
0.00066519
0.00066303
0.00066471
0.00066216
0.00068910
0.00066283
0.00066503
0.00066528
0.00066589
0.00067476
0.00066712
0.00066450
0.00066651
0.00066641
0.00066801
0.00066514
0.00070297
0.00069871
0.00072017
0.00072083
0.00081831
0.00090148
0.00068108
0.00066794
0.00067027
0.00066454
0.00074731
0.00067320
0.00066962
0.00066433
0.00082500
0.00073263
0.00066924
0.00066506
0.00066538
0.00066391
0.00067345
0.00066969
0.00066797
0.00066662
0.00066747
0.00076144
0.00067673
0.00066694
0.00066746
0.00066758
0.00067893
0.00066992
0.00067741
0.00066901
0.00066760
0.00078402
0.00068924
0.00066929
0.00066815
0.00066578
0.00071549
0.00066591
0.00067363
0.00066606
0.00066473
0.00074513
0.00071758
0.00067160
0.00066608
0.00066282
0.00071369
0.00066375
0.00067159
0.00066884
0.00066648
0.00080292
0.00081088
0.00071794
0.00066574
0.00066229
0.00066725
0.00066540
0.00072362
0.00067144
0.00066598
0.00066545
0.00076762
0.00073369
0.00067073
0.00066582
0.00066878
0.00066318
0.00104247
0.00068220
0.00069730
0.00066448
0.00080572
0.00068007
0.00066903
0.00066939
0.00066608
0.00066377
0.00080639
0.00068481
0.00067567
0.00066502
0.00076145
0.00069216
0.00067021
0.00070833
0.00066594
0.00066128
0.00078679
0.00088642
0.00072181
0.00066637
0.00084304
0.00082843
0.00067433
0.00073257
0.00066988
0.00066259
0.00067057
0.00104208
0.00073042
0.00066884
0.00066672
0.00088403
0.00068070
0.00071078
0.00066697
0.00066388
0.00067375
0.00073974
0.00075003
0.00066581
0.00066513
0.00084133
0.00085914
0.00071887
0.00066612
0.00066213
0.00066816
0.00066487
0.00066947
0.00067480
0.00067090
0.00071976
0.00099962
0.00070372
0.00067326
0.00066633
0.00072145
