0.01424686
0.01894442
0.01828007
0.01817904
0.01792770
0.01795514
0.02169457
0.02943611
0.02193233
0.01935787
0.02065531
0.01987506
0.02164091
0.01961048
0.01904751
0.02101295
0.02013323
0.02012642
0.02039749
0.01991683
0.01853179
0.01904851
0.02023311
0.01990604
0.02156377
0.02079025
0.02120988
0.02238989
0.02132693
0.02051620
0.02249102
0.02062171
0.02149782
0.02014597
0.02013686
0.02136318
0.02524265
0.02020856
0.02115786
0.01885496
0.01850090
0.01856151
0.01763923
0.01766411
0.02785919
0.02251614
0.01861947
0.01816001
0.01873432
0.01799859
0.01817663
0.01803439
0.01722824
0.01707542
0.01679992
0.01715653
0.01689328
0.01692865
0.01688152
0.01695817
0.01684469
0.01694352
0.01689239
0.01680417
0.01685679
0.01795318
0.01701847
0.01694567
0.01692940
0.01822538
0.01887184
0.01819760
0.01768049
0.01792973
0.01877952
0.01806633
0.01749119
0.01765997
0.01808599
0.01796297
0.01752391
0.01774462
0.01758890
0.01784564
0.01765523
0.01818838
0.01770311
0.01813239
0.01792677
0.01808368
0.01764570
0.01772017
0.01775020
0.01790858
0.01770306
0.01800826
0.01777895
0.01796105
0.01784147
0.01761958
0.01771841
0.01793567
0.01812493
0.01789149
0.01796443
0.01822325
0.01853199
0.01861898
0.01699916
0.01710183
0.01692289
0.01699763
0.01682587
0.01705678
0.01680179
0.01692955
0.01682501
0.01692575
0.01772914
0.02006268
0.01661749
0.01727635
0.01645019
0.01683070
0.01714541
0.01671717
0.01647298
0.01660442
0.01670357
0.01664052
0.01654396
0.01664282
0.01651318
0.01669616
0.01654200
0.01699243
0.01687916
0.01696435
0.01688806
0.01698350
0.01688607
0.01701066
0.01692250
0.01704908
0.01692658
0.01697572
0.01699792
0.01705646
0.01691387
0.01697795
0.01692913
0.01734904
0.01693197
0.01708197
0.01691787
0.01715437
0.01702647
0.01704401
0.01688320
0.01714378
0.01697583
0.01704458
0.01692761
0.01706212
0.01688766
0.01721506
0.01693822
0.01701215
0.01727008
0.01707683
0.01699721
0.01732143
0.01706246
0.01708737
0.01699343
0.01699315
0.01694663
0.01698264
0.01725756
0.01705471
0.01699465
0.01696188
0.01701478
0.01723610
0.01693348
0.01703416
0.01700720
0.01712357
0.01700384
0.01701955
0.01702698
0.01702891
0.01708531
0.01700586
0.01698907
0.01704571
0.01703394
0.00000000
0.00000000
0.00000000
0.00000000
0.00130944
0.00243695
0.00219379
0.00217492
0.00215954
0.00215267
0.00217282
0.00216221
0.00220562
0.00216494
0.00218109
0.00217273
0.00216842
0.00216959
0.00219130
0.00249536
0.00222687
0.00217537
0.00216009
0.00216587
0.00218577
0.00215613
0.00221093
0.00216827
0.00216136
0.00216302
0.00216275
0.00215021
0.00221450
0.00219532
0.00216026
0.00217702
0.00217321
0.00215641
0.00217638
0.00215774
0.00218121
0.00000000
0.00000000
0.00000000
0.00000000
0.00207809
0.00405330
0.00391500
0.00389909
0.00405554
0.00391504
0.00389752
0.00393901
0.00000000
0.00000000
0.00000000
0.00000000
0.00119536
0.00221158
0.00195970
0.00200591
0.00250356
0.00000000
0.00000000
0.00000000
0.00000000
0.00272511
0.00528570
0.00510943
0.00516571
0.00510624
0.00508837
0.00510464
0.00509665
0.00509396
0.00515825
0.00510250
0.00510389
0.00510307
0.00511422
0.00510041
0.00510390
0.00509244
0.00528532
0.00516056
0.00515817
0.00514068
0.00518212
0.00514170
0.00532913
0.00514625
0.00510177
0.00515328
0.00515164
0.00514369
