0.00119089
0.00202237
0.00185445
0.00189388
0.00199362
0.00193297
0.00216392
0.00274343
0.00210250
0.00202268
0.00188342
0.00191251
0.00190891
0.00185324
0.00199972
0.00189791
0.00194216
0.00191614
0.00192615
0.00184035
0.00193944
0.00184678
0.00185776
0.00183611
0.00182311
0.00182222
0.00189801
0.00182176
0.00184917
0.00182902
0.00183003
0.00188894
0.00183457
0.00182329
0.00184416
0.00181636
0.00181632
0.00190776
0.00183405
0.00182200
0.00181743
0.00182115
0.00181950
0.00185261
0.00184448
0.00183852
0.00184121
0.00184771
0.00191660
0.00183952
0.00184433
0.00185221
0.00188078
0.00184534
0.00173267
0.00145057
0.00150065
0.00141960
0.00190074
0.00184151
0.00190109
0.00185141
0.00187449
0.00189262
0.00184634
0.00186324
0.00196946
0.00185572
0.00192288
0.00185723
0.00184691
0.00185687
0.00188647
0.00185535
0.00186956
0.00192782
0.00186987
0.00195980
0.00187127
0.00185023
0.00185002
0.00184732
0.00184222
0.00185099
0.00231406
0.00187127
0.00185618
0.00184504
0.00188835
0.00193314
0.00185883
0.00184439
0.00185531
0.00188613
0.00186897
0.00184420
0.00185472
0.00183413
0.00185869
0.00184630
0.00184356
0.00183782
0.00183965
0.00184601
0.00183499
0.00183988
0.00185460
0.00185811
0.00183690
0.00183640
0.00184628
0.00192554
0.00202105
0.00199042
0.00186797
0.00185499
0.00183710
0.00316665
0.00187821
0.00185677
0.00188979
0.00184989
0.00207152
0.00191177
0.00187571
0.00183761
0.00192464
0.00186244
0.00199983
0.00184899
0.00186089
0.00185268
0.00238840
0.00240805
0.00190204
0.00185495
0.00184711
0.00189401
0.00184086
0.00193294
0.00194988
0.00186590
0.00229492
0.00192822
0.00203597
0.00191690
0.00190279
0.00184377
0.00201573
0.00200490
0.00240481
0.00185714
0.00184174
0.00186900
0.00146279
0.00193614
0.00182942
0.00184484
0.00188980
0.00191875
0.00225513
0.00189041
0.00187523
0.00185225
0.00228080
0.00199283
0.00194546
0.00185483
0.00184190
0.00213665
0.00189794
0.00202363
0.00193864
0.00184309
0.00185020
0.00185764
0.00184747
0.00182687
0.00184815
0.00185449
0.00183806
0.00233476
0.00216238
0.00188934
0.00184875
0.00184299
0.00186489
0.00186985
0.00192639
0.00185628
0.00186582
0.00188975
0.00189562
0.00196402
0.00190248
0.00185423
0.00184513
0.00190944
0.00185880
0.00201055
0.00190106
0.00183416
0.00184252
0.00185938
0.00209265
0.00192035
0.00185894
0.00184841
0.00197366
0.00186476
0.00205227
0.00187821
0.00188213
0.00184688
0.00185948
0.00200625
0.00196297
0.00184625
0.00185092
0.00189189
0.00191908
0.00224653
0.00204950
0.00197657
0.00192255
0.00203782
0.00210896
0.00207947
0.00200332
0.00208595
0.00214201
0.00223712
0.00210217
0.00213584
0.00255855
0.00264068
0.00274060
0.00259763
0.00209595
0.00212763
0.00207803
0.00209765
0.00201116
0.00200683
0.00196009
0.00196601
0.00228811
0.00210871
0.00198418
0.00199495
0.00199801
0.00216211
0.00196224
0.00186570
0.00194797
0.00198546
0.00215665
0.00198000
0.00186905
0.00188500
0.00195959
0.00203507
0.00198299
0.00195843
0.00187055
0.00186701
0.00194851
0.00214324
0.00217767
0.00175558
0.00147991
0.00136483
0.00197562
0.00249619
0.00185326
0.00215065
0.00187300
0.00235431
0.00191654
0.00188023
0.00186424
0.00190671
0.00196411
0.00204049
0.00187547
0.00186069
0.00187913
0.00186172
0.00223755
0.00197969
0.00192534
0.00193513
0.00194854
0.00202634
0.00171556
0.00150721
0.00153540
0.00197661
0.00198299
0.00208877
0.00196602
0.00190524
0.00224266
0.00198725
0.00224559
0.00196023
0.00190041
0.00204014
0.00194256
0.00202363
0.00198884
0.00232712
0.00187568
0.00193101
0.00164663
0.00194859
0.00197686
0.00185111
0.00232285
0.00235943
0.00159049
0.00140050
0.00137445
0.00138383
0.00140806
0.00139486
0.00203966
0.00196263
0.00203913
0.00241998
0.00188717
0.00216841
0.00167889
0.00149121
0.00170816
0.00199631
0.00181277
0.00192026
0.00188292
0.00203333
0.00196454
0.00185530
0.00208916
0.00249210
0.00258556
0.00193968
0.00194341
0.00196249
0.00185605
0.00184728
0.00188174
0.00194237
0.00200835
0.00236424
0.00235565
0.00241385
0.00246371
0.00271451
0.00191496
0.00187322
0.00214346
0.00184135
0.00184730
0.00184849
0.00182433
0.00182627
0.00184541
0.00192408
0.00189956
0.00184669
0.00184765
0.00185423
0.00183882
0.00189139
0.00185486
0.00185510
0.00183828
0.00184229
0.00184937
0.00189750
0.00184266
0.00184032
0.00185402
0.00184040
0.00207531
0.00190745
0.00186144
0.00206969
0.00191594
0.00193907
0.00197850
0.00191966
0.00190522
0.00185703
0.00189142
0.00197938
0.00192991
0.00186351
0.00186228
0.00189034
0.00187022
0.00190083
0.00188054
0.00189674
0.00185081
0.00184279
0.00190605
0.00196497
0.00184872
0.00189672
0.00186119
0.00183810
0.00196593
0.00183364
0.00190590
0.00185345
0.00184978
0.00185660
0.00200768
0.00186687
0.00184782
0.00186679
0.00190357
0.00191223
0.00197295
0.00216584
0.00183936
0.00191181
0.00183846
0.00180928
0.00189517
0.00197773
0.00184611
0.00192949
0.00193533
0.00200042
0.00185979
0.00185099
0.00186521
0.00191521
0.00191372
0.00186401
0.00202836
0.00197424
0.00185230
0.00198835
0.00199382
0.00189256
0.00186023
0.00188470
0.00212120
0.00203783
0.00187773
0.00189638
0.00200806
0.00198140
0.00205559
0.00199560
0.00190815
0.00191206
0.00190899
0.00190800
0.00212089
0.00218801
0.00208327
0.00211420
0.00191599
0.00193610
0.00185621
0.00184326
0.00182656
0.00191500
0.00202918
0.00210237
0.00203426
0.00192648
0.00152153
0.00158823
0.00204813
0.00197827
0.00256598
0.00259022
0.00232040
0.00204361
0.00186320
0.00185135
0.00192836
0.00190255
0.00196584
0.00202795
0.00218111
0.00205513
0.00195492
0.00209853
0.00207796
0.00231642
0.00205056
0.00199705
0.00208793
0.00209566
0.00210366
0.00205930
0.00198953
0.00199917
0.00197732
0.00234694
0.00217717
0.00195850
0.00206838
0.00205580
0.00209862
0.00220091
0.00200123
0.00203821
0.00203489
0.00196719
0.00196427
0.00193806
0.00188570
0.00203725
0.00223323
0.00198883
0.00184021
0.00159592
0.00215448
0.00194730
0.00190311
0.00231084
0.00200188
0.00206963
0.00195698
0.00194029
0.00203373
0.00198716
0.00199558
0.00194436
0.00189958
0.00187658
0.00199113
0.00200223
0.00248173
0.00192992
0.00158943
0.00193547
0.00155886
0.00207088
0.00188206
0.00188599
0.00226754
0.00195774
0.00212523
0.00161067
0.00189974
0.00194238
0.00193395
0.00207766
0.00197192
0.00188739
0.00189791
0.00207384
0.00202395
0.00207325
0.00195716
0.00195516
0.00226243
0.00171701
0.00205538
0.00188883
0.00232590
0.00229235
0.00203762
0.00205421
0.00194453
0.00153868
0.00164796
0.00163742
0.00171165
0.00202366
0.00186263
0.00219615
0.00208859
0.00192984
0.00203319
0.00198816
0.00156662
0.00225087
0.00199182
0.00245452
0.00186941
0.00190995
0.00210187
0.00199238
0.00201037
0.00189545
0.00186275
0.00186156
0.00194424
0.00197533
0.00202105
0.00192011
0.00198981
0.00197480
0.00197852
0.00202336
0.00196693
0.00182699
0.00186183
0.00157128
0.00186088
0.00154552
0.00156664
0.00196488
0.00191580
0.00190442
0.00244854
0.00236104
0.00189812
0.00201197
0.00202490
0.00199755
0.00191516
0.00196490
0.00211938
0.00195499
0.00207844
0.00186807
0.00186443
0.00193175
0.00203893
0.00204535
0.00196846
0.00196465
0.00192428
0.00186854
0.00193998
0.00192704
0.00188222
0.00186312
0.00186646
0.00185638
0.00206755
0.00192965
0.00186771
0.00182541
0.00186899
0.00182982
0.00192161
0.00182737
0.00182980
0.00182148
0.00185683
0.00188214
0.00186055
0.00183241
0.00182932
0.00183592
0.00187248
0.00203954
0.00186304
0.00184965
0.00184751
0.00185318
0.00202725
0.00193885
0.00186911
0.00184516
0.00190689
0.00188044
0.00193826
0.00187599
0.00185369
0.00184794
0.00189094
0.00185029
0.00196423
0.00186531
0.00187833
0.00184120
0.00186813
0.00208311
0.00194645
0.00187245
0.00187557
0.00186818
0.00193150
0.00199313
0.00191774
0.00190467
0.00195679
0.00197045
0.00231631
0.00192610
0.00194623
0.00195049
0.00198005
0.00204718
0.00200003
0.00194634
0.00199611
0.00202461
0.00199248
0.00215453
0.00203458
0.00200336
0.00190559
0.00193132
0.00214688
0.00193002
0.00190110
0.00189827
0.00197043
0.00209814
0.00201623
0.00190083
0.00191976
0.00194445
0.00194577
0.00208738
0.00202140
0.00191735
0.00204739
0.00193966
0.00203171
0.00199971
0.00194214
0.00221276
0.00191982
0.00202363
0.00197875
0.00189521
0.00190711
0.00177731
0.00149602
0.00207321
0.00191511
0.00187486
0.00188026
0.00185162
0.00192384
0.00197117
0.00183343
0.00182997
0.00185749
0.00184930
0.00186620
0.00194150
0.00183806
0.00182566
0.00180870
0.00184341
0.00184149
0.00182299
0.00182288
0.00181604
0.00180495
0.00187692
0.00186203
0.00185023
0.00184831
0.00183813
0.00184646
0.00184206
0.00184461
0.00185158
0.00187864
0.00184177
0.00184271
0.00185887
0.00183957
0.00184214
0.00184900
0.00185115
0.00185969
0.00185340
0.00185723
0.00185861
0.00184095
0.00184486
0.00185289
0.00184929
0.00184524
0.00184952
0.00184711
0.00184425
0.00184258
0.00184862
0.00189562
0.00195962
0.00187164
0.00196161
0.00190786
0.00190465
0.00191093
0.00190436
0.00190309
0.00197403
0.00204467
0.00191004
0.00193738
0.00201336
0.00198377
0.00200254
0.00198251
0.00193121
0.00213259
0.00235975
0.00180796
0.00158151
0.00157737
0.00219241
0.00197342
0.00196729
0.00154123
0.00159169
0.00172149
0.00206459
0.00199702
0.00193461
0.00191200
0.00205033
0.00199894
0.00186080
0.00186135
0.00189276
0.00188413
0.00211866
0.00204214
0.00201366
0.00197635
0.00196771
0.00211532
0.00160787
0.00162953
0.00161469
0.00154725
0.00154625
0.00205415
0.00191366
0.00193545
0.00186048
0.00186815
0.00187060
0.00193553
0.00197861
0.00232927
0.00186949
0.00183536
0.00188165
0.00196608
0.00197012
0.00186001
0.00184121
0.00180948
0.00186546
0.00187040
0.00185837
0.00183930
0.00182876
0.00197250
0.00199409
0.00196391
0.00157454
0.00165228
0.00198422
0.00199338
0.00197717
0.00194579
0.00194103
0.00196895
0.00189729
0.00192644
0.00193673
0.00187422
0.00186884
0.00189938
0.00195120
0.00185135
0.00184414
0.00186808
0.00186759
0.00209248
0.00190221
0.00186092
0.00182258
0.00180667
0.00181963
0.00208064
0.00183206
0.00181502
0.00182085
0.00188377
0.00190149
0.00194574
0.00184706
0.00188371
0.00193525
0.00191476
0.00186371
0.00193217
0.00189200
0.00188020
0.00190928
0.00194940
0.00190473
0.00183786
0.00182372
0.00183817
0.00195389
0.00217819
0.00187733
0.00196876
0.00195410
0.00195546
0.00197797
0.00200644
0.00196861
0.00197176
0.00197761
0.00191337
0.00189596
0.00233917
0.00187546
0.00189369
0.00188200
0.00195783
0.00196098
0.00195272
0.00196459
0.00183397
0.00161899
0.00160019
0.00195482
0.00195311
0.00198709
0.00198253
0.00200258
0.00200347
0.00186212
0.00186780
0.00184362
0.00183635
0.00190069
0.00196922
0.00196869
0.00195526
0.00184527
0.00203158
0.00195447
0.00197402
0.00198696
0.00199078
0.00196379
0.00192434
0.00191766
0.00191432
0.00192684
0.00200130
0.00201640
0.00200842
0.00196359
0.00198379
0.00198860
0.00211289
0.00198790
0.00191620
0.00196622
0.00193280
0.00191308
0.00260393
0.00192502
0.00194026
0.00192580
0.00191491
0.00237829
0.00195210
0.00192348
0.00191023
0.00195655
0.00207056
0.00203075
0.00200349
0.00202260
0.00194165
0.00197705
0.00207169
0.00210704
0.00195841
0.00187683
0.00190184
0.00197175
0.00206916
0.00192719
0.00194080
0.00196710
0.00193245
0.00199604
0.00192663
0.00187741
0.00194573
0.00195998
0.00201340
0.00195466
0.00198959
0.00191535
0.00159436
0.00150891
0.00201049
0.00185723
0.00192701
0.00198466
0.00197217
0.00217852
0.00192487
0.00189624
0.00192676
0.00190288
0.00191044
0.00200923
0.00193472
0.00193470
0.00198159
0.00191212
0.00203310
0.00204331
0.00199952
0.00195744
0.00194649
0.00197698
0.00193178
0.00156468
0.00150842
0.00150817
0.00150787
0.00196657
0.00199356
0.00195438
0.00194212
0.00191274
0.00195649
0.00198593
0.00193505
0.00155316
0.00157966
0.00198559
0.00197930
0.00195397
0.00194585
0.00204407
0.00195813
0.00190444
0.00192076
0.00212893
0.00193245
0.00190861
0.00195553
0.00201242
0.00190130
0.00194024
0.00195816
0.00189890
0.00200972
0.00258296
0.00204773
0.00191380
0.00187661
0.00183399
0.00212936
0.00214760
0.00198617
0.00193278
0.00191565
0.00190733
0.00209458
0.00197934
0.00199570
0.00195516
0.00200601
0.00212070
0.00217307
0.00197872
0.00193906
0.00194772
0.00234417
0.00201720
0.00194648
0.00202919
0.00198790
0.00214526
0.00199955
0.00189952
0.00189615
0.00189334
0.00195289
0.00223821
0.00192309
0.00190090
0.00187582
0.00184246
0.00245418
0.00280815
0.00186522
0.00184579
0.00185029
0.00212806
0.00189647
0.00187683
0.00186428
0.00213812
0.00202397
0.00212055
0.00196628
0.00191141
0.00198707
0.00222263
0.00190781
0.00183766
0.00184981
0.00184147
0.00185316
0.00182602
0.00184632
0.00184148
0.00183125
0.00181980
0.00182217
0.00195622
0.00186636
0.00181849
0.00182944
0.00182241
0.00187844
0.00227629
0.00185863
0.00183195
0.00183245
0.00181831
0.00210539
0.00191444
0.00185896
0.00182777
0.00182571
0.00202098
0.00191827
0.00182919
0.00183001
0.00182781
0.00182374
0.00185520
0.00193237
0.00187855
0.00187771
0.00187214
0.00189484
0.00217240
0.00190582
0.00186949
0.00187073
0.00191414
0.00232208
0.00193600
0.00186440
0.00183705
0.00192615
0.00203095
0.00238752
0.00187687
0.00189449
0.00190293
0.00184474
0.00206835
0.00193606
0.00187401
0.00184219
0.00188083
0.00196918
0.00234565
0.00187080
0.00185342
0.00187709
0.00188298
0.00211534
0.00196933
0.00195291
0.00191691
0.00190194
0.00235810
0.00242683
0.00194779
0.00201629
0.00208919
0.00256794
0.00222761
0.00200994
0.00170592
0.00176584
0.00265106
0.00206223
0.00209665
0.00200348
0.00193083
0.00204781
0.00207309
0.00196637
0.00196750
0.00195223
0.00231780
0.00208435
0.00192645
0.00193359
0.00194872
