0.00091810
0.00122565
0.00067323
0.00047716
0.00051134
0.00051191
0.00046454
0.00046585
0.00046663
0.00046385
0.00051117
0.00046237
0.00046238
0.00046642
0.00046488
0.00051139
0.00046310
0.00046317
0.00046452
0.00046467
0.00050161
0.00046474
0.00046427
0.00046244
0.00046092
0.00046311
0.00046296
0.00046253
0.00046335
0.00046191
0.00047382
0.00046682
0.00046351
0.00046368
0.00046254
0.00046243
0.00046334
0.00046544
0.00046578
0.00046762
0.00046719
0.00046532
0.00047039
0.00046492
0.00046405
0.00046318
0.00046291
0.00046825
0.00046291
0.00046302
0.00046343
0.00046312
0.00046900
0.00046243
0.00046442
0.00046400
0.00046252
0.00047081
0.00046353
0.00046265
0.00046487
0.00046436
0.00046821
0.00046390
0.00046401
0.00046177
0.00046304
0.00046954
0.00046323
0.00046430
0.00046530
0.00046235
0.00046844
0.00046314
0.00046213
0.00046565
0.00046184
0.00046804
0.00046320
0.00046392
0.00046550
0.00046554
0.00046892
0.00046311
0.00046432
0.00046528
0.00046387
0.00046810
0.00046201
0.00046063
0.00046302
0.00046190
0.00046960
0.00046288
0.00046145
0.00046219
0.00046303
0.00046782
0.00046280
0.00046111
0.00046395
0.00046185
0.00047005
0.00046333
0.00046135
0.00046431
0.00046167
0.00046668
0.00046422
0.00046152
0.00046220
0.00046178
0.00046816
0.00046215
0.00046533
0.00046423
0.00046544
0.00046929
0.00046312
0.00046237
0.00046591
0.00046238
0.00046674
0.00046452
0.00046385
0.00046270
0.00046477
0.00048383
0.00046554
0.00046483
0.00046419
0.00046369
0.00047016
0.00046270
0.00046291
0.00046533
0.00046253
0.00046954
0.00046160
0.00046193
0.00046350
0.00046348
0.00047103
0.00046357
0.00046568
0.00046636
0.00046659
0.00047337
0.00046562
0.00046614
0.00046474
0.00046325
0.00046962
0.00046443
0.00046205
0.00046414
0.00046440
0.00046963
0.00046158
0.00046268
0.00046325
0.00046287
0.00047111
0.00046376
0.00046113
0.00046571
0.00046295
0.00047061
0.00046392
0.00046140
0.00046490
0.00046519
0.00047042
0.00046358
0.00046454
0.00046478
0.00046419
0.00047422
0.00046661
0.00046470
0.00046670
0.00046247
0.00047204
0.00046389
0.00046438
0.00046498
0.00046428
0.00047347
0.00046298
0.00046544
0.00046527
0.00046219
0.00047170
0.00046559
0.00046336
0.00046456
0.00046263
0.00047088
0.00046368
0.00046205
0.00046315
0.00046358
0.00047096
0.00046502
0.00046385
0.00046294
0.00046261
0.00047212
0.00046476
0.00046566
0.00046772
0.00046395
0.00047075
0.00046467
0.00046299
0.00046332
0.00046311
0.00047023
0.00046204
0.00046245
0.00046426
0.00046210
0.00046883
0.00046269
0.00046068
0.00046438
0.00046104
0.00046985
0.00046257
0.00046157
0.00046408
0.00046345
0.00047191
0.00046371
0.00046395
0.00046440
0.00046280
0.00046885
0.00046505
0.00046158
0.00046408
0.00046146
0.00046903
0.00046444
0.00046293
0.00046415
0.00046150
0.00047030
0.00046409
0.00046463
0.00046419
0.00046185
0.00046971
0.00046184
0.00046411
0.00046502
0.00000000
0.00000000
0.00000000
0.00000000
0.00094253
0.00158876
0.00156773
0.00156148
0.00155928
0.00156193
0.00155934
0.00155788
0.00156310
0.00155500
0.00155706
0.00156112
0.00155692
0.00155762
0.00156443
0.00155646
0.00155872
0.00156261
0.00156060
0.00155768
0.00156394
0.00155708
0.00155822
0.00156574
0.00156529
0.00155830
0.00157456
0.00156393
0.00156049
0.00156074
0.00156415
0.00155434
0.00155633
0.00156214
0.00155782
0.00155785
0.00156397
0.00155595
0.00155800
0.00156507
0.00155679
0.00155864
0.00156341
0.00155917
0.00156207
0.00156293
0.00155724
0.00155783
0.00161010
0.00156240
0.00155864
0.00158134
0.00156005
0.00155848
0.00156893
0.00156107
0.00155911
0.00156483
0.00155718
0.00156291
0.00156409
0.00157073
0.00155692
0.00165989
0.00160483
0.00155464
0.00155726
0.00156104
0.00155553
0.00155412
0.00156166
0.00155378
0.00155739
0.00157413
0.00155554
0.00155505
0.00156489
0.00155296
0.00162073
0.00156660
0.00155586
0.00155548
0.00156583
0.00155783
0.00155633
0.00156729
0.00156012
0.00155707
0.00156431
0.00155618
0.00155717
0.00156297
0.00155576
0.00155641
0.00156155
0.00155571
0.00155517
0.00157630
0.00155457
0.00155488
0.00156069
0.00156544
0.00156337
0.00156523
0.00156911
0.00156617
0.00156833
0.00156610
0.00174882
0.00156352
0.00156981
0.00155964
0.00156252
0.00156357
