1
256.00,163.00,57.00,36.00
256.00,163.00,57.00,36.00
255.00,163.00,57.00,36.00
254.00,162.00,57.00,36.00
253.00,162.00,57.00,36.00
252.00,162.00,57.00,36.00
251.00,162.00,57.00,36.00
250.00,162.00,57.00,36.00
250.00,161.00,57.00,36.00
249.00,161.00,57.00,36.00
248.00,161.00,57.00,36.00
248.00,161.00,57.00,36.00
247.00,161.00,57.00,36.00
246.00,161.00,57.00,36.00
246.00,160.00,57.00,36.00
245.00,160.00,57.00,36.00
245.00,160.00,57.00,36.00
244.00,160.00,57.00,36.00
244.00,160.00,57.00,36.00
243.00,160.00,57.00,36.00
243.00,159.00,57.00,36.00
242.00,159.00,57.00,36.00
242.00,159.00,57.00,36.00
242.00,159.00,57.00,36.00
241.00,159.00,57.00,36.00
241.00,158.00,57.00,36.00
241.00,158.00,57.00,36.00
240.00,158.00,57.00,36.00
240.00,158.00,57.00,36.00
240.00,158.00,57.00,36.00
240.00,158.00,57.00,36.00
239.00,157.00,57.00,36.00
239.00,157.00,57.00,36.00
239.00,157.00,57.00,36.00
239.00,157.00,57.00,36.00
239.00,157.00,57.00,36.00
239.00,157.00,57.00,36.00
239.00,157.00,57.00,36.00
238.00,156.00,57.00,36.00
238.00,156.00,57.00,36.00
238.00,156.00,57.00,36.00
238.00,156.00,57.00,36.00
238.00,156.00,57.00,36.00
237.00,156.00,57.00,36.00
237.00,156.00,57.00,36.00
237.00,156.00,57.00,36.00
236.00,155.00,57.00,36.00
236.00,155.00,57.00,36.00
236.00,155.00,57.00,36.00
236.00,155.00,57.00,36.00
235.00,155.00,57.00,36.00
235.00,155.00,57.00,36.00
235.00,155.00,57.00,36.00
234.00,154.00,57.00,36.00
234.00,154.00,57.00,36.00
234.00,154.00,57.00,36.00
234.00,154.00,57.00,36.00
234.00,154.00,57.00,36.00
233.00,154.00,57.00,36.00
233.00,154.00,57.00,36.00
233.00,153.00,57.00,36.00
233.00,153.00,57.00,36.00
233.00,153.00,57.00,36.00
232.00,153.00,57.00,36.00
232.00,153.00,57.00,36.00
232.00,153.00,57.00,36.00
232.00,153.00,57.00,36.00
232.00,153.00,57.00,36.00
232.00,153.00,57.00,36.00
231.00,152.00,57.00,36.00
231.00,152.00,57.00,36.00
231.00,152.00,57.00,36.00
231.00,152.00,57.00,36.00
231.00,152.00,57.00,36.00
231.00,152.00,57.00,36.00
231.00,152.00,57.00,36.00
231.00,152.00,57.00,36.00
230.00,151.00,57.00,36.00
230.00,151.00,57.00,36.00
230.00,151.00,57.00,36.00
230.00,151.00,57.00,36.00
230.00,151.00,57.00,36.00
230.00,151.00,57.00,36.00
230.00,151.00,57.00,36.00
230.00,151.00,57.00,36.00
229.00,150.00,57.00,36.00
229.00,150.00,57.00,36.00
229.00,150.00,57.00,36.00
229.00,150.00,57.00,36.00
229.00,150.00,57.00,36.00
229.00,150.00,57.00,36.00
229.00,150.00,57.00,36.00
229.00,150.00,57.00,36.00
229.00,150.00,57.00,36.00
229.00,150.00,57.00,36.00
229.00,149.00,57.00,36.00
229.00,149.00,57.00,36.00
229.00,149.00,57.00,36.00
229.00,149.00,57.00,36.00
229.00,149.00,57.00,36.00
229.00,149.00,57.00,36.00
229.00,149.00,57.00,36.00
229.00,149.00,57.00,36.00
229.00,149.00,57.00,36.00
229.00,149.00,57.00,36.00
229.00,149.00,57.00,36.00
229.00,149.00,57.00,36.00
229.00,149.00,57.00,36.00
229.00,149.00,57.00,36.00
229.00,149.00,57.00,36.00
229.00,149.00,57.00,36.00
229.00,149.00,57.00,36.00
229.00,149.00,57.00,36.00
229.00,149.00,57.00,36.00
229.00,149.00,57.00,36.00
229.00,149.00,57.00,36.00
229.00,149.00,57.00,36.00
229.00,149.00,57.00,36.00
229.00,149.00,57.00,36.00
229.00,149.00,57.00,36.00
229.00,149.00,57.00,36.00
229.00,149.00,57.00,36.00
229.00,149.00,57.00,36.00
229.00,149.00,57.00,36.00
229.00,149.00,57.00,36.00
229.00,149.00,57.00,36.00
229.00,149.00,57.00,36.00
229.00,149.00,57.00,36.00
229.00,149.00,57.00,36.00
229.00,149.00,57.00,36.00
229.00,149.00,57.00,36.00
229.00,149.00,57.00,36.00
229.00,149.00,57.00,36.00
229.00,149.00,57.00,36.00
229.00,149.00,57.00,36.00
229.00,149.00,57.00,36.00
229.00,149.00,57.00,36.00
229.00,149.00,57.00,36.00
229.00,149.00,57.00,36.00
229.00,149.00,57.00,36.00
229.00,149.00,57.00,36.00
229.00,149.00,57.00,36.00
229.00,149.00,57.00,36.00
229.00,149.00,57.00,36.00
229.00,149.00,57.00,36.00
229.00,149.00,57.00,36.00
229.00,149.00,57.00,36.00
229.00,149.00,57.00,36.00
229.00,149.00,57.00,36.00
229.00,149.00,57.00,36.00
229.00,149.00,57.00,36.00
229.00,149.00,57.00,36.00
229.00,149.00,57.00,36.00
229.00,149.00,57.00,36.00
229.00,149.00,57.00,36.00
229.00,149.00,57.00,36.00
229.00,149.00,57.00,36.00
229.00,149.00,57.00,36.00
229.00,149.00,57.00,36.00
229.00,149.00,57.00,36.00
229.00,149.00,57.00,36.00
229.00,149.00,57.00,36.00
229.00,149.00,57.00,36.00
229.00,149.00,57.00,36.00
229.00,149.00,57.00,36.00
229.00,149.00,57.00,36.00
229.00,149.00,57.00,36.00
229.00,149.00,57.00,36.00
229.00,149.00,57.00,36.00
229.00,149.00,57.00,36.00
229.00,149.00,57.00,36.00
229.00,149.00,57.00,36.00
229.00,149.00,57.00,36.00
229.00,149.00,57.00,36.00
229.00,149.00,57.00,36.00
229.00,149.00,57.00,36.00
229.00,149.00,57.00,36.00
228.00,149.00,57.00,36.00
228.00,149.00,57.00,36.00
228.00,149.00,57.00,36.00
228.00,149.00,57.00,36.00
228.00,149.00,57.00,36.00
228.00,149.00,57.00,36.00
228.00,149.00,57.00,36.00
228.00,149.00,57.00,36.00
228.00,149.00,57.00,36.00
227.00,149.00,57.00,36.00
227.00,149.00,57.00,36.00
227.00,149.00,57.00,36.00
227.00,149.00,57.00,36.00
227.00,149.00,57.00,36.00
227.00,149.00,57.00,36.00
227.00,149.00,57.00,36.00
227.00,149.00,57.00,36.00
227.00,149.00,57.00,36.00
227.00,149.00,57.00,36.00
227.00,149.00,57.00,36.00
227.00,149.00,57.00,36.00
227.00,149.00,57.00,36.00
227.00,149.00,57.00,36.00
227.00,149.00,57.00,36.00
227.00,149.00,57.00,36.00
227.00,149.00,57.00,36.00
227.00,149.00,57.00,36.00
227.00,149.00,57.00,36.00
227.00,149.00,57.00,36.00
227.00,149.00,57.00,36.00
227.00,149.00,57.00,36.00
227.00,149.00,57.00,36.00
226.00,149.00,57.00,36.00
226.00,149.00,57.00,36.00
226.00,149.00,57.00,36.00
226.00,149.00,57.00,36.00
226.00,149.00,57.00,36.00
226.00,149.00,57.00,36.00
226.00,149.00,57.00,36.00
226.00,149.00,57.00,36.00
226.00,149.00,57.00,36.00
226.00,149.00,57.00,36.00
226.00,149.00,57.00,36.00
226.00,149.00,57.00,36.00
226.00,149.00,57.00,36.00
226.00,149.00,57.00,36.00
226.00,149.00,57.00,36.00
226.00,149.00,57.00,36.00
226.00,149.00,57.00,36.00
226.00,149.00,57.00,36.00
226.00,149.00,57.00,36.00
225.00,149.00,57.00,36.00
225.00,149.00,57.00,36.00
225.00,149.00,57.00,36.00
225.00,149.00,57.00,36.00
225.00,149.00,57.00,36.00
225.00,149.00,57.00,36.00
225.00,149.00,57.00,36.00
225.00,149.00,57.00,36.00
225.00,149.00,57.00,36.00
224.00,150.00,57.00,36.00
224.00,150.00,57.00,36.00
224.00,150.00,57.00,36.00
224.00,150.00,57.00,36.00
224.00,150.00,57.00,36.00
223.00,150.00,57.00,36.00
223.00,150.00,57.00,36.00
223.00,150.00,57.00,36.00
223.00,150.00,57.00,36.00
223.00,150.00,57.00,36.00
222.00,151.00,57.00,36.00
222.00,151.00,57.00,36.00
222.00,151.00,57.00,36.00
222.00,151.00,57.00,36.00
221.00,151.00,57.00,36.00
221.00,151.00,57.00,36.00
220.00,151.00,57.00,36.00
2
0
0
0
0
1
151.00,157.00,61.00,22.00
149.00,157.00,61.00,22.00
147.00,157.00,61.00,22.00
146.00,157.00,61.00,22.00
144.00,157.00,61.00,22.00
142.00,156.00,61.00,22.00
141.00,156.00,61.00,22.00
139.00,156.00,61.00,22.00
137.00,156.00,61.00,22.00
136.00,156.00,61.00,22.00
134.00,155.00,61.00,22.00
133.00,155.00,61.00,22.00
131.00,155.00,61.00,22.00
129.00,155.00,61.00,22.00
128.00,155.00,61.00,22.00
126.00,155.00,61.00,22.00
124.00,154.00,61.00,22.00
123.00,154.00,61.00,22.00
121.00,154.00,61.00,22.00
120.00,153.00,61.00,22.00
118.00,153.00,61.00,22.00
117.00,153.00,61.00,22.00
115.00,152.00,61.00,22.00
114.00,152.00,61.00,22.00
112.00,152.00,61.00,22.00
111.00,152.00,61.00,22.00
109.00,151.00,61.00,22.00
108.00,151.00,61.00,22.00
106.00,151.00,61.00,22.00
105.00,151.00,61.00,22.00
104.00,150.00,61.00,22.00
102.00,150.00,61.00,22.00
101.00,150.00,61.00,22.00
99.00,149.00,61.00,22.00
98.00,149.00,61.00,22.00
96.00,149.00,61.00,22.00
95.00,149.00,61.00,22.00
93.00,148.00,61.00,22.00
92.00,148.00,61.00,22.00
90.00,148.00,61.00,22.00
89.00,147.00,61.00,22.00
87.00,147.00,61.00,22.00
86.00,147.00,61.00,22.00
84.00,146.00,61.00,22.00
83.00,146.00,61.00,22.00
81.00,146.00,61.00,22.00
80.00,145.00,61.00,22.00
78.00,145.00,61.00,22.00
77.00,145.00,61.00,22.00
75.00,145.00,61.00,22.00
74.00,145.00,61.00,22.00
72.00,144.00,61.00,22.00
71.00,144.00,61.00,22.00
69.00,144.00,61.00,22.00
68.00,144.00,61.00,22.00
66.00,143.00,61.00,22.00
65.00,143.00,61.00,22.00
63.00,143.00,61.00,22.00
62.00,142.00,61.00,22.00
60.00,142.00,61.00,22.00
59.00,142.00,61.00,22.00
58.00,142.00,61.00,22.00
57.00,142.00,61.00,22.00
55.00,142.00,61.00,22.00
53.00,141.00,61.00,22.00
52.00,141.00,61.00,22.00
50.00,140.00,61.00,22.00
49.00,140.00,61.00,22.00
47.00,140.00,61.00,22.00
46.00,140.00,61.00,22.00
45.00,140.00,61.00,22.00
43.00,139.00,61.00,22.00
42.00,139.00,61.00,22.00
40.00,139.00,61.00,22.00
39.00,138.00,61.00,22.00
38.00,138.00,61.00,22.00
36.00,138.00,61.00,22.00
35.00,138.00,61.00,22.00
34.00,138.00,61.00,22.00
33.00,138.00,61.00,22.00
31.00,137.00,61.00,22.00
30.00,137.00,61.00,22.00
29.00,137.00,61.00,22.00
27.00,137.00,61.00,22.00
26.00,137.00,61.00,22.00
25.00,137.00,61.00,22.00
23.00,136.00,61.00,22.00
22.00,136.00,61.00,22.00
21.00,136.00,61.00,22.00
20.00,136.00,61.00,22.00
18.00,135.00,61.00,22.00
17.00,135.00,61.00,22.00
16.00,135.00,61.00,22.00
15.00,135.00,61.00,22.00
13.00,134.00,61.00,22.00
12.00,134.00,61.00,22.00
11.00,134.00,61.00,22.00
10.00,134.00,61.00,22.00
9.00,134.00,61.00,22.00
8.00,134.00,61.00,22.00
6.00,133.00,61.00,22.00
5.00,133.00,61.00,22.00
4.00,133.00,61.00,22.00
3.00,133.00,61.00,22.00
2.00,133.00,61.00,22.00
0.00,132.00,61.00,22.00
-1.00,132.00,61.00,22.00
-2.00,132.00,61.00,22.00
-3.00,132.00,61.00,22.00
-5.00,131.00,61.00,22.00
-6.00,131.00,61.00,22.00
-7.00,131.00,61.00,22.00
-8.00,131.00,61.00,22.00
