0.00149036
0.00317878
0.00191211
0.00216805
0.00176970
0.00187174
0.00187867
0.00177193
0.00183199
0.00184375
0.00179260
0.00187419
0.00180897
0.00177704
0.00176266
0.00175448
0.00175822
0.00232575
0.00234817
0.00000000
0.00000000
0.00000000
0.00000000
0.00273068
0.00579674
0.00550169
0.00568882
0.00476659
0.00492565
0.00465665
0.00511494
0.00480092
0.00521590
0.00482546
0.00463647
0.00475695
0.00492225
0.00503700
0.00501332
0.00522245
0.00465917
0.00501733
0.00505582
0.00507621
0.00499488
0.00479412
0.00467151
0.00466199
0.00489623
0.00476074
0.00495739
0.00467659
0.00463232
0.00458975
0.00489663
0.00471933
0.00493957
0.00465211
0.00460461
0.00461341
0.00488997
0.00470735
0.00499854
0.00468799
0.00462244
0.00462641
0.00495492
0.00479521
0.00501408
0.00463623
0.00461276
0.00463705
0.00489527
0.00474689
0.00494753
0.00468071
0.00000000
0.00000000
0.00000000
0.00000000
0.00176791
0.00360822
0.00336252
0.00331700
0.00331262
0.00338551
0.00348109
0.00328097
0.00331285
0.00321740
0.00329180
0.00338028
0.00356309
0.00328661
0.00339381
0.00325054
0.00323036
0.00327314
0.00323694
0.00327453
0.00325689
0.00323432
0.00327895
0.00324441
0.00372717
0.00328674
0.00421894
0.00335011
0.00329021
0.00302668
0.00283620
0.00335558
0.00344378
0.00331713
0.00369087
0.00338842
0.00325178
0.00336852
0.00338811
0.00324245
0.00360802
0.00332367
0.00385478
0.00363923
0.00330465
0.00332967
0.00353593
0.00329858
0.00376945
0.00372090
0.00331751
0.00329691
0.00426956
0.00414547
0.00457330
0.00418971
0.00415314
0.00425807
0.00338310
0.00348970
0.00338161
0.00325785
0.00347743
0.00335522
0.00325737
0.00374690
0.00330551
0.00333466
0.00375011
0.00329750
0.00342706
0.00364650
0.00331457
0.00329511
0.00344442
0.00324966
0.00332468
0.00340243
0.00332834
0.00352150
0.00335401
0.00327959
0.00361910
0.00332520
0.00383899
0.00388627
0.00341468
0.00329029
0.00372374
0.00327678
0.00333521
0.00339777
0.00330792
0.00330038
0.00335219
0.00329396
0.00335279
0.00338866
0.00325465
0.00372594
0.00333444
0.00330148
0.00368452
0.00334498
0.00380674
0.00351565
0.00335325
0.00349338
0.00341212
0.00330805
0.00306333
0.00343951
0.00328719
0.00339542
0.00345753
0.00326866
0.00354025
0.00334498
0.00328632
0.00357713
0.00334993
0.00338449
0.00359404
0.00332983
0.00333215
0.00340146
0.00326271
0.00330631
0.00341484
0.00330857
0.00332065
0.00341141
0.00342577
0.00340946
0.00338164
0.00332603
0.00358492
0.00331480
0.00330060
0.00348065
0.00333291
0.00331359
0.00361714
0.00328605
0.00339568
0.00336931
0.00330662
0.00330329
0.00338461
0.00323846
0.00349423
0.00333954
0.00324663
0.00372189
0.00335378
0.00331137
0.00373867
0.00334579
0.00330747
0.00356654
0.00333891
0.00333087
0.00331236
0.00332738
0.00335776
0.00330115
0.00327394
0.00340082
0.00324510
0.00322931
0.00327650
0.00322687
0.00327179
0.00322577
0.00326816
0.00328058
0.00322860
0.00333315
0.00329959
0.00323647
0.00323264
0.00327362
0.00373626
0.00335783
0.00325301
0.00330132
0.00323106
0.00322379
0.00329967
0.00323605
0.00000000
0.00000000
0.00000000
0.00000000
0.00141103
0.00259611
0.00262152
0.00258282
0.00264168
0.00257220
0.00260240
0.00259045
0.00256637
0.00257426
0.00257078
0.00258221
0.00255677
0.00261716
0.00259051
0.00256987
0.00255597
0.00259546
0.00257029
0.00257849
0.00258926
0.00257521
0.00260366
0.00257027
0.00256097
0.00256154
0.00261932
0.00259653
0.00256949
0.00264892
0.00268733
0.00262112
0.00257395
0.00256310
0.00262729
0.00257875
0.00256000
0.00263399
0.00260415
0.00259219
0.00258214
0.00259109
0.00260789
0.00257275
0.00257689
0.00261204
0.00256849
0.00258144
0.00256287
0.00263923
0.00264039
0.00257752
0.00255051
0.00260507
0.00258112
0.00266012
0.00255963
0.00262684
0.00257350
0.00257136
0.00263571
0.00257765
0.00255786
0.00255469
0.00261776
0.00256995
0.00255307
0.00257248
0.00260974
0.00257596
0.00259461
0.00257216
0.00255716
0.00256168
0.00257272
0.00256017
0.00255241
0.00257154
0.00256443
0.00257829
0.00257247
0.00258635
0.00256134
0.00257218
0.00266037
0.00258053
0.00255988
0.00263429
0.00256962
0.00257067
0.00256419
0.00257122
0.00259891
0.00261800
0.00257963
0.00256247
0.00259525
0.00258440
0.00255704
0.00261396
0.00257166
0.00261751
0.00254903
0.00260015
0.00257866
0.00256595
0.00254695
0.00257526
0.00256826
0.00257540
0.00255327
0.00263580
0.00255808
0.00255325
0.00256778
0.00256447
0.00255296
0.00257318
0.00255787
0.00264653
0.00256399
0.00257293
0.00255109
0.00267423
0.00263783
0.00257610
0.00254889
0.00262751
0.00256535
0.00256946
0.00260432
0.00259038
0.00255040
0.00255462
0.00257558
0.00256854
0.00258623
0.00257704
0.00260862
0.00257825
0.00258363
0.00257491
0.00260148
0.00256367
0.00257901
0.00255965
0.00255978
0.00260874
0.00255588
0.00264038
0.00266501
0.00283817
0.00255888
0.00270909
0.00259239
0.00260022
0.00255266
0.00261890
0.00257263
0.00257228
0.00256807
0.00260669
0.00256838
0.00257569
0.00256424
0.00259446
0.00257394
0.00258112
0.00260861
0.00259790
0.00256702
0.00257305
0.00263099
0.00256020
0.00258053
0.00256323
0.00261154
0.00257963
0.00257153
0.00256563
0.00260998
0.00267706
0.00260593
0.00261919
0.00259345
0.00258056
0.00255199
0.00262147
0.00257792
0.00258215
0.00289474
0.00271426
0.00257557
0.00256499
0.00000000
0.00000000
0.00000000
0.00000000
0.00178079
0.00361940
0.00328411
0.00335960
0.00339560
0.00354881
0.00334543
0.00342324
0.00346902
0.00335784
0.00337768
0.00346980
0.00331874
0.00338401
0.00347694
0.00330115
0.00341573
0.00346300
0.00335014
0.00337765
0.00352423
0.00331000
0.00339244
0.00346486
0.00000000
0.00000000
0.00000000
0.00000000
0.00255426
0.00463105
0.00461661
0.00463466
0.00457680
0.00572071
0.00593677
0.00600303
0.00513965
0.00492305
0.00468845
0.00461402
0.00456285
0.00460326
0.00461005
0.00462798
0.00457499
0.00460608
0.00461884
0.00460900
0.00457078
0.00461252
0.00456868
0.00670922
0.00475200
0.00464586
0.00477383
0.00466200
0.00472940
0.00464329
0.00462542
0.00463134
0.00485085
0.00464009
0.00461903
0.00462855
0.00457657
0.00460785
0.00471054
0.00459766
0.00456112
0.00461519
0.00456487
0.00458705
0.00457811
0.00457596
0.00460854
0.00551927
0.00564817
0.00495073
0.00490338
0.00479281
0.00461651
0.00463929
0.00462410
0.00463990
0.00454214
0.00464734
0.00458918
0.00455298
0.00453900
0.00458950
0.00457660
0.00454288
0.00454318
0.00454912
0.00454635
0.00454874
0.00454114
0.00459051
0.00454554
0.00460615
0.00454710
0.00459205
0.00456974
0.00455160
0.00454427
0.00455404
0.00459203
0.00458274
0.00455067
0.00459454
0.00455037
0.00455425
0.00456469
0.00455109
0.00455673
0.00456363
0.00455022
0.00454851
0.00509286
0.00466520
0.00459231
0.00463177
0.00462353
0.00458036
0.00455425
0.00455525
0.00455724
0.00455714
0.00461476
0.00462930
0.00456126
0.00459114
0.00455339
0.00457446
0.00461364
0.00455324
0.00457110
0.00455734
0.00471256
0.00533785
0.00463356
0.00460103
0.00460925
0.00470376
0.00469863
0.00475824
0.00464072
0.00467136
0.00461796
0.00460256
0.00460207
0.00457749
0.00457860
0.00463061
0.00458571
0.00455646
0.00457323
0.00456771
0.00455766
0.00454776
0.00454727
0.00455535
0.00458725
0.00466577
0.00457566
0.00460123
0.00455721
0.00456798
0.00460241
0.00461622
0.00457374
0.00457583
0.00455756
0.00456287
0.00455303
0.00455808
0.00455024
0.00455804
0.00464240
0.00456797
0.00461591
0.00463987
0.00459339
0.00456862
0.00459217
0.00456704
0.00460338
0.00455331
0.00458058
0.00455592
0.00458894
0.00455261
0.00455340
0.00456500
0.00455388
0.00457740
0.00455588
0.00455528
0.00459021
0.00462520
0.00456332
0.00455577
0.00456321
0.00455851
0.00459900
0.00455130
0.00458439
0.00459972
0.00461141
0.00456125
0.00455602
0.00455524
0.00454679
0.00456619
0.00460109
0.00458154
0.00456857
0.00459502
0.00454674
0.00459600
0.00460706
0.00462427
0.00456502
0.00499908
0.00457357
0.00455868
0.00455738
0.00457038
0.00455313
0.00455464
0.00485894
0.00463033
0.00457715
0.00466565
0.00459998
0.00458373
0.00466549
0.00462458
0.00457822
0.00462239
0.00457171
0.00464684
0.00460361
0.00462670
0.00458144
0.00459638
0.00459483
0.00461715
0.00460656
0.00461374
0.00459421
0.00457958
0.00462530
