0.00089160
0.00059562
0.00049332
0.00053669
0.00073670
0.00115268
0.00080130
0.00055308
0.00047725
0.00047307
0.00052550
0.00057067
0.00049640
0.00053163
0.00047724
0.00047457
0.00048163
0.00047414
0.00047539
0.00047973
0.00047389
0.00047289
0.00047589
0.00047380
0.00047777
0.00047278
0.00048073
0.00047554
0.00047640
0.00047658
0.00047722
0.00047623
0.00047432
0.00047289
0.00047562
0.00047338
0.00047334
0.00050602
0.00047636
0.00047360
0.00047462
0.00047282
0.00047381
0.00047154
0.00047707
0.00047282
0.00047429
0.00047312
0.00047505
0.00051449
0.00048246
0.00047416
0.00047492
0.00048441
0.00047610
0.00047467
0.00048162
0.00047497
0.00047682
0.00048429
0.00047613
0.00047370
0.00048216
0.00047421
0.00047462
0.00048055
0.00047531
0.00047430
0.00047548
0.00047701
0.00047632
0.00047252
0.00047622
0.00047160
0.00047585
0.00047535
0.00047427
0.00047282
0.00047350
0.00047225
0.00047216
0.00047858
0.00047399
0.00047336
0.00047619
0.00047268
0.00047260
0.00047069
0.00000000
0.00000000
0.00000000
0.00000000
0.00050121
0.00060809
0.00060016
0.00059586
0.00060090
0.00059746
0.00059865
0.00059811
0.00059516
0.00059349
0.00059446
0.00060134
0.00059631
0.00059423
0.00059571
0.00059613
0.00059514
0.00060124
0.00059277
0.00059300
0.00060083
0.00059560
0.00059631
0.00060313
0.00059341
0.00059714
0.00060369
0.00059771
0.00059501
0.00059869
0.00059488
0.00059565
0.00060162
0.00059749
0.00059761
0.00060433
0.00059994
0.00059587
0.00059698
0.00059709
0.00059828
0.00059973
0.00059576
0.00059682
0.00059662
0.00059890
0.00059691
0.00059730
0.00059506
0.00059601
0.00059700
0.00059809
0.00000000
0.00000000
0.00000000
0.00000000
0.00049794
0.00065863
0.00064655
0.00065042
0.00064535
0.00064345
0.00064530
0.00064332
0.00064143
0.00064350
0.00064248
0.00064288
0.00064681
0.00064934
0.00065199
0.00064608
0.00064689
0.00065031
0.00064667
0.00064481
0.00065314
0.00064418
0.00064530
0.00064524
0.00064437
0.00064380
0.00064614
0.00064557
0.00064934
0.00064575
0.00064495
0.00065362
0.00064646
0.00064483
0.00064488
0.00064528
0.00064416
0.00064570
0.00064508
0.00064437
0.00000000
0.00000000
0.00000000
0.00000000
0.00074890
0.00121003
0.00120883
0.00120446
0.00120742
0.00120616
0.00122162
0.00120824
0.00121358
0.00120769
0.00121323
0.00120537
0.00121192
0.00120735
0.00122071
0.00120858
0.00121279
0.00120814
0.00121499
0.00120638
0.00121414
0.00120856
0.00121817
0.00120802
0.00121284
0.00120890
0.00121611
0.00120643
0.00121129
0.00120758
0.00121417
0.00120657
0.00121059
0.00120796
0.00121468
0.00120625
0.00125524
0.00122373
0.00125875
0.00120695
0.00122402
0.00121129
0.00121694
0.00120604
0.00121509
0.00124439
0.00125606
0.00120568
0.00121377
0.00120833
0.00121532
0.00120586
0.00121767
0.00120997
0.00121418
0.00120621
0.00121270
0.00120823
0.00122346
0.00120643
0.00120698
0.00120988
0.00120904
0.00120569
0.00121159
0.00120614
0.00121280
0.00120525
0.00121740
0.00121008
0.00121372
0.00120511
0.00131969
0.00122926
0.00123758
0.00120874
0.00125146
0.00121790
0.00121832
0.00120623
0.00121505
0.00120612
0.00121338
0.00120259
0.00121144
0.00120557
0.00121387
0.00120419
0.00120966
0.00120498
0.00121173
0.00120299
0.00120837
0.00120487
0.00121202
0.00120307
0.00120921
0.00120534
0.00120983
0.00120443
0.00120970
0.00120908
0.00120865
0.00120617
0.00120408
0.00120640
0.00120610
0.00120390
0.00120517
0.00120687
0.00120472
0.00120359
0.00120294
0.00120548
0.00120556
0.00120357
0.00120457
0.00120861
0.00121248
0.00122961
0.00120543
0.00120592
0.00120794
0.00123807
0.00120258
0.00120496
0.00120433
0.00120403
0.00120283
0.00120563
0.00120743
0.00121573
0.00120655
0.00120911
0.00120476
0.00121314
0.00120482
0.00120803
0.00120917
0.00134529
0.00141533
0.00121525
0.00121433
0.00121631
0.00120851
0.00120707
0.00120502
0.00120406
0.00120481
0.00120127
0.00120135
0.00120467
0.00120205
0.00120471
0.00120559
0.00121004
0.00120274
0.00120777
0.00120522
0.00121333
0.00120500
0.00121132
0.00120630
0.00122096
0.00120708
0.00121154
0.00120501
0.00121371
0.00120373
0.00121029
0.00123928
0.00121007
0.00120458
0.00121261
0.00120412
0.00121115
0.00120319
0.00121138
0.00120578
0.00121184
0.00120547
0.00121420
0.00120412
0.00121000
0.00120175
0.00120832
0.00120448
0.00120725
0.00120316
0.00120826
0.00120402
0.00120936
0.00120112
0.00121121
0.00120988
0.00121344
0.00120895
0.00121177
0.00120560
0.00121123
0.00120443
0.00121082
0.00000000
0.00000000
0.00000000
0.00000000
0.00050040
0.00071787
0.00072576
0.00071807
0.00071776
0.00071698
0.00071826
0.00072059
0.00071592
0.00071699
0.00000000
0.00000000
0.00000000
0.00000000
0.00041138
0.00045854
0.00038773
0.00038516
0.00038665
0.00038305
0.00038540
0.00038314
0.00038483
0.00038174
0.00038492
0.00038464
0.00038461
0.00041717
0.00038883
0.00038242
0.00038633
0.00039030
0.00038500
0.00038488
0.00038825
0.00038624
0.00040813
0.00038512
0.00038906
0.00038540
0.00038640
0.00038433
0.00040410
0.00038609
0.00038654
0.00039575
0.00038631
0.00038379
0.00038336
0.00038386
0.00038498
0.00038166
0.00038263
0.00038278
0.00038543
0.00038157
0.00038406
0.00038354
0.00038302
0.00038248
0.00038447
0.00038708
0.00038484
0.00038407
0.00038496
0.00038447
0.00039432
0.00038464
0.00038521
0.00038154
0.00038803
0.00038296
0.00038513
0.00038068
0.00038504
0.00038068
0.00038397
0.00038193
0.00038466
0.00038327
0.00038354
0.00038402
0.00038432
0.00038259
0.00038558
0.00038082
0.00038460
0.00039559
0.00038544
0.00038354
0.00038535
0.00038318
0.00038465
0.00038764
0.00038674
0.00038278
0.00038486
0.00039176
0.00038447
0.00038347
0.00038534
0.00038229
0.00038437
0.00038381
0.00038655
0.00044321
0.00038434
0.00038888
0.00038441
0.00038920
0.00038625
0.00038718
0.00038534
0.00038358
0.00038665
0.00038526
0.00038511
0.00000000
0.00000000
0.00000000
0.00000000
0.00095602
0.00155510
0.00156903
0.00155645
0.00155804
0.00156114
0.00155306
0.00156030
0.00155608
0.00156553
0.00155683
0.00155987
0.00156973
0.00155862
0.00156077
0.00155489
0.00157612
0.00155547
0.00155454
0.00156169
0.00155547
0.00156152
0.00155476
0.00155872
0.00155331
0.00155654
0.00155758
0.00155258
0.00155866
0.00155236
0.00155748
0.00155342
0.00155087
0.00155973
0.00155313
0.00155982
0.00155237
0.00155341
0.00155742
0.00155352
0.00161545
0.00155579
0.00155900
0.00155334
0.00155494
0.00156030
0.00155442
0.00163001
0.00155674
0.00155391
0.00156236
0.00155220
0.00155902
0.00155490
0.00155287
0.00155824
0.00155642
0.00156103
0.00155336
0.00156767
0.00155095
0.00155546
0.00156129
0.00155139
0.00155992
0.00155564
0.00159436
0.00155806
0.00155696
0.00155862
0.00155322
0.00156189
0.00155977
0.00155399
0.00156799
0.00158952
0.00155754
0.00155870
0.00155362
0.00155816
0.00155309
0.00155291
0.00155900
