1
201.35,113.74,46.13,46.58
201.35,113.74,46.13,46.58
200.35,114.74,46.13,46.58
200.35,114.74,46.13,46.58
200.35,115.74,46.13,46.58
199.35,116.74,46.13,46.58
199.35,116.74,46.13,46.58
198.35,116.74,46.13,46.58
198.35,117.74,46.13,46.58
197.35,118.74,46.13,46.58
197.35,118.74,46.13,46.58
197.35,119.74,46.13,46.58
196.35,119.74,46.13,46.58
196.35,120.74,46.13,46.58
195.35,120.74,46.13,46.58
195.35,121.74,46.13,46.58
195.35,121.74,46.13,46.58
194.35,122.74,46.13,46.58
194.35,122.74,46.13,46.58
194.35,123.74,46.13,46.58
194.35,123.74,46.13,46.58
193.35,123.74,46.13,46.58
193.35,123.74,46.13,46.58
192.35,123.74,46.13,46.58
192.35,123.74,46.13,46.58
191.35,124.74,46.13,46.58
191.35,124.74,46.13,46.58
191.35,124.74,46.13,46.58
190.35,123.74,46.13,46.58
190.35,123.74,46.13,46.58
189.35,122.74,46.13,46.58
189.35,122.74,46.13,46.58
189.35,121.74,46.13,46.58
188.35,121.74,46.13,46.58
188.35,121.74,46.13,46.58
188.35,121.74,46.13,46.58
188.35,121.74,46.13,46.58
188.35,121.74,46.13,46.58
188.35,122.74,46.13,46.58
188.35,122.74,46.13,46.58
188.35,122.74,46.13,46.58
188.35,122.74,46.13,46.58
188.35,122.74,46.13,46.58
188.35,122.74,46.13,46.58
188.35,122.74,46.13,46.58
188.35,123.74,46.13,46.58
188.35,123.74,46.13,46.58
187.35,123.74,46.13,46.58
187.35,124.74,46.13,46.58
187.35,124.74,46.13,46.58
187.35,124.74,46.13,46.58
187.35,124.74,46.13,46.58
186.35,126.74,46.13,46.58
184.35,128.74,46.13,46.58
182.35,129.74,46.13,46.58
181.35,129.74,46.13,46.58
181.35,129.74,46.13,46.58
181.35,130.74,46.13,46.58
179.35,131.74,46.13,46.58
177.35,133.74,46.13,46.58
172.35,135.74,46.13,46.58
167.35,139.74,46.13,46.58
162.35,144.74,46.13,46.58
158.35,150.74,46.13,46.58
155.35,155.74,46.13,46.58
153.35,158.74,46.13,46.58
162.35,155.74,46.13,46.58
158.35,158.74,46.13,46.58
154.35,162.74,46.13,46.58
151.35,165.74,46.13,46.58
147.35,168.74,46.13,46.58
146.35,170.74,46.13,46.58
146.35,171.74,46.13,46.58
145.35,172.74,46.13,46.58
145.35,171.74,46.13,46.58
143.35,171.74,46.13,46.58
142.35,172.74,46.13,46.58
143.35,172.74,46.13,46.58
144.35,172.74,46.13,46.58
145.35,171.74,46.13,46.58
145.35,170.74,46.13,46.58
146.35,170.74,46.13,46.58
147.35,170.74,46.13,46.58
147.35,170.74,46.13,46.58
148.35,170.74,46.13,46.58
148.35,170.74,46.13,46.58
2
0
0
0
0
1
141.82,111.04,56.84,59.81
127.82,94.04,56.84,59.81
131.82,121.04,56.84,59.81
129.82,127.04,56.84,59.81
127.82,134.04,56.84,59.81
125.82,140.04,56.84,59.81
125.82,143.04,56.84,59.81
127.82,148.04,56.84,59.81
127.82,150.04,56.84,59.81
139.82,146.04,56.84,59.81
138.82,149.04,56.84,59.81
138.82,152.04,56.84,59.81
138.82,153.04,56.84,59.81
139.82,153.04,56.84,59.81
139.82,153.04,56.84,59.81
140.82,153.04,56.84,59.81
140.82,153.04,56.84,59.81
140.82,153.04,56.84,59.81
140.82,153.04,56.84,59.81
140.82,154.04,56.84,59.81
140.82,155.04,56.84,59.81
141.82,156.04,56.84,59.81
143.82,157.04,56.84,59.81
144.82,157.04,56.84,59.81
146.82,157.04,56.84,59.81
147.82,156.04,56.84,59.81
147.82,155.04,56.84,59.81
148.82,155.04,56.84,59.81
149.82,155.04,56.84,59.81
149.82,154.04,56.84,59.81
149.82,155.04,56.84,59.81
149.82,156.04,56.84,59.81
150.82,158.04,56.84,59.81
151.82,160.04,56.84,59.81
151.82,163.04,56.84,59.81
151.82,165.04,56.84,59.81
151.82,167.04,56.84,59.81
151.82,168.04,56.84,59.81
151.82,169.04,56.84,59.81
152.82,169.04,56.84,59.81
152.82,169.04,56.84,59.81
152.82,170.04,56.84,59.81
151.82,171.04,56.84,59.81
150.82,173.04,56.84,59.81
150.82,174.04,56.84,59.81
150.82,174.04,56.84,59.81
150.82,173.04,56.84,59.81
151.82,173.04,56.84,59.81
152.82,173.04,56.84,59.81
153.82,173.04,56.84,59.81
2
0
0
0
0
1
108.59,68.79,67.10,70.75
101.59,50.79,67.10,70.75
98.59,51.79,67.10,70.75
87.59,33.79,67.10,70.75
83.59,31.79,67.10,70.75
76.59,27.79,67.10,70.75
72.59,27.79,67.10,70.75
92.59,57.79,67.10,70.75
90.59,58.79,67.10,70.75
87.59,59.79,67.10,70.75
85.59,60.79,67.10,70.75
82.59,57.79,67.10,70.75
91.59,69.79,67.10,70.75
86.59,66.79,67.10,70.75
86.59,68.79,67.10,70.75
85.59,68.79,67.10,70.75
84.59,72.79,67.10,70.75
83.59,72.79,67.10,70.75
82.59,72.79,67.10,70.75
81.59,72.79,67.10,70.75
79.59,71.79,67.10,70.75
84.59,75.79,67.10,70.75
82.59,74.79,67.10,70.75
80.59,74.79,67.10,70.75
79.59,74.79,67.10,70.75
78.59,75.79,67.10,70.75
76.59,77.79,67.10,70.75
73.59,77.79,67.10,70.75
70.59,76.79,67.10,70.75
68.59,76.79,67.10,70.75
65.59,75.79,67.10,70.75
63.59,74.79,67.10,70.75
67.59,72.79,67.10,70.75
71.59,79.79,67.10,70.75
84.59,81.79,67.10,70.75
103.59,83.79,67.10,70.75
124.59,87.79,67.10,70.75
127.59,89.79,67.10,70.75
2
0
0
0
0
1
159.32,122.08,54.56,54.34
175.32,129.08,54.56,54.34
185.32,122.08,54.56,54.34
168.32,117.08,54.56,54.34
161.32,129.08,54.56,54.34
172.32,125.08,54.56,54.34
167.32,120.08,54.56,54.34
173.32,134.08,54.56,54.34
181.32,130.08,54.56,54.34
185.32,127.08,54.56,54.34
176.32,132.08,54.56,54.34
181.32,127.08,54.56,54.34
169.32,131.08,54.56,54.34
174.32,123.08,54.56,54.34
168.32,131.08,54.56,54.34
171.32,124.08,54.56,54.34
180.32,117.08,54.56,54.34
175.32,129.08,54.56,54.34
181.32,123.08,54.56,54.34
180.32,130.08,54.56,54.34
184.32,129.08,54.56,54.34
189.32,123.08,54.56,54.34
199.32,118.08,54.56,54.34
203.32,118.08,54.56,54.34
198.32,118.08,54.56,54.34
191.32,117.08,54.56,54.34
184.32,116.08,54.56,54.34
178.32,115.08,54.56,54.34
173.32,115.08,54.56,54.34
170.32,114.08,54.56,54.34
168.32,114.08,54.56,54.34
165.32,114.08,54.56,54.34
162.32,114.08,54.56,54.34
160.32,114.08,54.56,54.34
158.32,114.08,54.56,54.34
158.32,114.08,54.56,54.34
158.32,114.08,54.56,54.34
157.32,114.08,54.56,54.34
157.32,114.08,54.56,54.34
158.32,115.08,54.56,54.34
158.32,115.08,54.56,54.34
158.32,115.08,54.56,54.34
158.32,116.08,54.56,54.34
158.32,116.08,54.56,54.34
159.32,116.08,54.56,54.34
159.32,116.08,54.56,54.34
160.32,117.08,54.56,54.34
160.32,117.08,54.56,54.34
158.32,118.08,54.56,54.34
154.32,119.08,54.56,54.34
147.32,122.08,54.56,54.34
138.32,127.08,54.56,54.34
145.32,121.08,54.56,54.34
139.32,125.08,54.56,54.34
130.32,132.08,54.56,54.34
123.32,137.08,54.56,54.34
132.32,130.08,54.56,54.34
127.32,135.08,54.56,54.34
121.32,140.08,54.56,54.34
114.32,145.08,54.56,54.34
111.32,150.08,54.56,54.34
107.32,156.08,54.56,54.34
106.32,160.08,54.56,54.34
105.32,163.08,54.56,54.34
108.32,166.08,54.56,54.34
112.32,166.08,54.56,54.34
118.32,164.08,54.56,54.34
120.32,148.08,54.56,54.34
121.32,149.08,54.56,54.34
122.32,151.08,54.56,54.34
126.32,152.08,54.56,54.34
127.32,152.08,54.56,54.34
128.32,150.08,54.56,54.34
130.32,151.08,54.56,54.34
130.32,152.08,54.56,54.34
131.32,151.08,54.56,54.34
132.32,151.08,54.56,54.34
132.32,151.08,54.56,54.34
131.32,150.08,54.56,54.34
130.32,149.08,54.56,54.34
129.32,149.08,54.56,54.34
128.32,149.08,54.56,54.34
127.32,149.08,54.56,54.34
126.32,149.08,54.56,54.34
125.32,149.08,54.56,54.34
123.32,148.08,54.56,54.34
121.32,148.08,54.56,54.34
120.32,148.08,54.56,54.34
119.32,148.08,54.56,54.34
119.32,147.08,54.56,54.34
119.32,146.08,54.56,54.34
119.32,145.08,54.56,54.34
119.32,144.08,54.56,54.34
119.32,143.08,54.56,54.34
119.32,143.08,54.56,54.34
119.32,142.08,54.56,54.34
119.32,141.08,54.56,54.34
119.32,140.08,54.56,54.34
120.32,140.08,54.56,54.34
120.32,140.08,54.56,54.34
120.32,139.08,54.56,54.34
120.32,138.08,54.56,54.34
121.32,137.08,54.56,54.34
121.32,137.08,54.56,54.34
122.32,137.08,54.56,54.34
122.32,136.08,54.56,54.34
122.32,136.08,54.56,54.34
123.32,135.08,54.56,54.34
123.32,135.08,54.56,54.34
123.32,135.08,54.56,54.34
124.32,135.08,54.56,54.34
124.32,135.08,54.56,54.34
121.32,136.08,54.56,54.34
119.32,138.08,54.56,54.34
118.32,140.08,54.56,54.34
117.32,141.08,54.56,54.34
116.32,142.08,54.56,54.34
116.32,143.08,54.56,54.34
116.32,144.08,54.56,54.34
117.32,144.08,54.56,54.34
118.32,145.08,54.56,54.34
118.32,145.08,54.56,54.34
118.32,146.08,54.56,54.34
118.32,147.08,54.56,54.34
119.32,147.08,54.56,54.34
120.32,147.08,54.56,54.34
120.32,147.08,54.56,54.34
121.32,146.08,54.56,54.34
122.32,146.08,54.56,54.34
122.32,145.08,54.56,54.34
122.32,144.08,54.56,54.34
122.32,142.08,54.56,54.34
122.32,141.08,54.56,54.34
121.32,139.08,54.56,54.34
120.32,137.08,54.56,54.34
118.32,135.08,54.56,54.34
117.32,134.08,54.56,54.34
116.32,134.08,54.56,54.34
115.32,133.08,54.56,54.34
114.32,133.08,54.56,54.34
113.32,133.08,54.56,54.34
112.32,134.08,54.56,54.34
111.32,136.08,54.56,54.34
111.32,136.08,54.56,54.34
111.32,136.08,54.56,54.34
111.32,136.08,54.56,54.34
111.32,136.08,54.56,54.34
111.32,136.08,54.56,54.34
111.32,136.08,54.56,54.34
111.32,140.08,54.56,54.34
111.32,140.08,54.56,54.34
111.32,141.08,54.56,54.34
111.32,141.08,54.56,54.34
111.32,142.08,54.56,54.34
111.32,142.08,54.56,54.34
111.32,143.08,54.56,54.34
111.32,143.08,54.56,54.34
112.32,144.08,54.56,54.34
114.32,146.08,54.56,54.34
116.32,147.08,54.56,54.34
121.32,148.08,54.56,54.34
125.32,149.08,54.56,54.34
126.32,150.08,54.56,54.34
130.32,150.08,54.56,54.34
132.32,151.08,54.56,54.34
134.32,152.08,54.56,54.34
136.32,153.08,54.56,54.34
137.32,155.08,54.56,54.34
138.32,156.08,54.56,54.34
139.32,156.08,54.56,54.34
140.32,156.08,54.56,54.34
141.32,156.08,54.56,54.34
142.32,155.08,54.56,54.34
143.32,154.08,54.56,54.34
145.32,153.08,54.56,54.34
147.32,152.08,54.56,54.34
148.32,151.08,54.56,54.34
150.32,150.08,54.56,54.34
151.32,150.08,54.56,54.34
152.32,150.08,54.56,54.34
154.32,149.08,54.56,54.34
156.32,148.08,54.56,54.34
158.32,147.08,54.56,54.34
161.32,147.08,54.56,54.34
163.32,147.08,54.56,54.34
165.32,147.08,54.56,54.34
166.32,147.08,54.56,54.34
167.32,148.08,54.56,54.34
168.32,148.08,54.56,54.34
170.32,149.08,54.56,54.34
171.32,150.08,54.56,54.34
171.32,150.08,54.56,54.34
172.32,150.08,54.56,54.34
172.32,150.08,54.56,54.34
172.32,150.08,54.56,54.34
172.32,150.08,54.56,54.34
172.32,150.08,54.56,54.34
172.32,151.08,54.56,54.34
173.32,151.08,54.56,54.34
173.32,151.08,54.56,54.34
2
0
0
0
0
1
208.90,96.29,41.80,42.70
213.90,91.29,41.80,42.70
217.90,87.29,41.80,42.70
221.90,83.29,41.80,42.70
220.90,82.29,41.80,42.70
211.90,87.29,41.80,42.70
223.90,89.29,41.80,42.70
230.90,85.29,41.80,42.70
2
0
0
0
0
1
173.55,111.21,43.85,43.40
169.55,116.21,43.85,43.40
162.55,106.21,43.85,43.40
159.55,114.21,43.85,43.40
154.55,123.21,43.85,43.40
153.55,127.21,43.85,43.40
157.55,121.21,43.85,43.40
155.55,122.21,43.85,43.40
163.55,128.21,43.85,43.40
161.55,133.21,43.85,43.40
156.55,133.21,43.85,43.40
152.55,137.21,43.85,43.40
163.55,137.21,43.85,43.40
156.55,138.21,43.85,43.40
155.55,135.21,43.85,43.40
155.55,135.21,43.85,43.40
158.55,129.21,43.85,43.40
151.55,132.21,43.85,43.40
150.55,133.21,43.85,43.40
147.55,130.21,43.85,43.40
145.55,130.21,43.85,43.40
144.55,128.21,43.85,43.40
142.55,128.21,43.85,43.40
138.55,128.21,43.85,43.40
134.55,129.21,43.85,43.40
133.55,130.21,43.85,43.40
127.55,130.21,43.85,43.40
124.55,136.21,43.85,43.40
119.55,142.21,43.85,43.40
115.55,146.21,43.85,43.40
111.55,142.21,43.85,43.40
111.55,143.21,43.85,43.40
110.55,144.21,43.85,43.40
113.55,143.21,43.85,43.40
115.55,142.21,43.85,43.40
116.55,141.21,43.85,43.40
120.55,140.21,43.85,43.40
121.55,139.21,43.85,43.40
121.55,140.21,43.85,43.40
120.55,141.21,43.85,43.40
121.55,141.21,43.85,43.40
121.55,141.21,43.85,43.40
120.55,140.21,43.85,43.40
120.55,140.21,43.85,43.40
117.55,141.21,43.85,43.40
117.55,142.21,43.85,43.40
114.55,143.21,43.85,43.40
114.55,145.21,43.85,43.40
118.55,146.21,43.85,43.40
121.55,147.21,43.85,43.40
124.55,149.21,43.85,43.40
128.55,149.21,43.85,43.40
131.55,151.21,43.85,43.40
134.55,152.21,43.85,43.40
139.55,153.21,43.85,43.40
142.55,154.21,43.85,43.40
144.55,155.21,43.85,43.40
145.55,155.21,43.85,43.40
145.55,155.21,43.85,43.40
146.55,154.21,43.85,43.40
146.55,153.21,43.85,43.40
145.55,151.21,43.85,43.40
144.55,150.21,43.85,43.40
141.55,148.21,43.85,43.40
140.55,147.21,43.85,43.40
137.55,145.21,43.85,43.40
134.55,144.21,43.85,43.40
130.55,143.21,43.85,43.40
125.55,142.21,43.85,43.40
121.55,140.21,43.85,43.40
117.55,138.21,43.85,43.40
111.55,136.21,43.85,43.40
107.55,134.21,43.85,43.40
105.55,135.21,43.85,43.40
103.55,138.21,43.85,43.40
100.55,139.21,43.85,43.40
98.55,141.21,43.85,43.40
97.55,142.21,43.85,43.40
96.55,143.21,43.85,43.40
96.55,143.21,43.85,43.40
96.55,144.21,43.85,43.40
95.55,144.21,43.85,43.40
94.55,144.21,43.85,43.40
94.55,144.21,43.85,43.40
94.55,144.21,43.85,43.40
94.55,144.21,43.85,43.40
94.55,145.21,43.85,43.40
93.55,146.21,43.85,43.40
93.55,147.21,43.85,43.40
92.55,148.21,43.85,43.40
92.55,149.21,43.85,43.40
92.55,150.21,43.85,43.40
91.55,151.21,43.85,43.40
92.55,152.21,43.85,43.40
92.55,153.21,43.85,43.40
93.55,154.21,43.85,43.40
94.55,155.21,43.85,43.40
95.55,156.21,43.85,43.40
95.55,157.21,43.85,43.40
95.55,157.21,43.85,43.40
95.55,148.21,43.85,43.40
2
0
0
0
0
1
207.88,135.16,57.29,60.94
201.88,135.16,57.29,60.94
195.88,139.16,57.29,60.94
200.88,141.16,57.29,60.94
191.88,139.16,57.29,60.94
191.88,135.16,57.29,60.94
197.88,135.16,57.29,60.94
210.88,154.16,57.29,60.94
213.88,153.16,57.29,60.94
215.88,152.16,57.29,60.94
216.88,152.16,57.29,60.94
218.88,152.16,57.29,60.94
216.88,153.16,57.29,60.94
215.88,153.16,57.29,60.94
215.88,153.16,57.29,60.94
211.88,152.16,57.29,60.94
209.88,153.16,57.29,60.94
207.88,152.16,57.29,60.94
204.88,150.16,57.29,60.94
202.88,148.16,57.29,60.94
199.88,146.16,57.29,60.94
197.88,144.16,57.29,60.94
193.88,142.16,57.29,60.94
192.88,141.16,57.29,60.94
189.88,140.16,57.29,60.94
188.88,140.16,57.29,60.94
188.88,138.16,57.29,60.94
186.88,138.16,57.29,60.94
185.88,138.16,57.29,60.94
184.88,139.16,57.29,60.94
185.88,139.16,57.29,60.94
185.88,139.16,57.29,60.94
186.88,138.16,57.29,60.94
186.88,138.16,57.29,60.94
187.88,138.16,57.29,60.94
188.88,136.16,57.29,60.94
188.88,135.16,57.29,60.94
188.88,133.16,57.29,60.94
189.88,132.16,57.29,60.94
189.88,130.16,57.29,60.94
189.88,128.16,57.29,60.94
191.88,127.16,57.29,60.94
193.88,126.16,57.29,60.94
195.88,125.16,57.29,60.94
197.88,124.16,57.29,60.94
198.88,124.16,57.29,60.94
199.88,124.16,57.29,60.94
200.88,124.16,57.29,60.94
201.88,124.16,57.29,60.94
201.88,124.16,57.29,60.94
202.88,125.16,57.29,60.94
203.88,125.16,57.29,60.94
202.88,126.16,57.29,60.94
201.88,127.16,57.29,60.94
199.88,128.16,57.29,60.94
196.88,130.16,57.29,60.94
193.88,131.16,57.29,60.94
192.88,133.16,57.29,60.94
188.88,135.16,57.29,60.94
185.88,136.16,57.29,60.94
182.88,137.16,57.29,60.94
179.88,138.16,57.29,60.94
176.88,139.16,57.29,60.94
174.88,139.16,57.29,60.94
171.88,141.16,57.29,60.94
169.88,142.16,57.29,60.94
167.88,144.16,57.29,60.94
165.88,146.16,57.29,60.94
164.88,147.16,57.29,60.94
162.88,148.16,57.29,60.94
161.88,150.16,57.29,60.94
160.88,151.16,57.29,60.94
159.88,152.16,57.29,60.94
158.88,153.16,57.29,60.94
157.88,153.16,57.29,60.94
157.88,154.16,57.29,60.94
157.88,154.16,57.29,60.94
156.88,155.16,57.29,60.94
156.88,155.16,57.29,60.94
155.88,155.16,57.29,60.94
154.88,156.16,57.29,60.94
152.88,156.16,57.29,60.94
