0.00416127
0.00516427
0.00470055
0.00475500
0.00455675
0.00544882
0.00483806
0.00462727
0.00455256
0.00455374
0.00451652
0.00451860
0.00450481
0.00450445
0.00456372
0.00455863
0.00458043
0.00450931
0.00456109
0.00452401
0.00455007
0.00450872
0.00454516
0.00456329
0.00452232
0.00456388
0.00451225
0.00453442
0.00451742
0.00451874
0.00452793
0.00457690
0.00452917
0.00451417
0.00450765
0.00451204
0.00461609
0.00453238
0.00451779
0.00452608
0.00455384
0.00454205
0.00450922
0.00454906
0.00452858
0.00447975
0.00451655
0.00455523
0.00451956
0.00452702
0.00450655
0.00456435
0.00450277
0.00460802
0.00482854
0.00465562
0.00456231
0.00452356
0.00456677
0.00459895
0.00456599
0.00454778
0.00451008
0.00452938
0.00451676
0.00454764
0.00450824
0.00452414
0.00451752
0.00450636
0.00450510
0.00455467
0.00451381
0.00456206
0.00452400
0.00453116
0.00450552
0.00454627
0.00452112
0.00452873
0.00457512
0.00453704
0.00451870
0.00453096
0.00452674
0.00452030
0.00451009
0.00451654
0.00452729
0.00458739
0.00452267
0.00455044
0.00457964
0.00452441
0.00450743
0.00457073
0.00455058
0.00452844
0.00450394
0.00451083
0.00451360
0.00452093
0.00451420
0.00451782
0.00451602
0.00451893
0.00453482
0.00452247
0.00451180
0.00455046
0.00450933
0.00451980
0.00451603
0.00451197
0.00451067
0.00452778
0.00451732
0.00455642
0.00457668
0.00451603
0.00458016
0.00453532
0.00451231
0.00451766
0.00452579
0.00457138
0.00451358
0.00454408
0.00455595
0.00452476
0.00451320
0.00457619
0.00456831
0.00452029
0.00455569
0.00451662
0.00455310
0.00451293
0.00465548
0.00451509
0.00450687
0.00474401
0.00453378
0.00453550
0.00496830
0.00460359
0.00453795
0.00457151
0.00452955
0.00456324
0.00487470
0.00492725
0.00475355
0.00473440
0.00471236
0.00730918
0.00783713
0.00758198
0.00462065
0.00474613
0.00469928
0.00459107
0.00465215
0.00466227
0.00490726
0.00459715
0.00465332
0.00466255
0.00455292
0.00482086
0.00465239
0.00487497
0.00467703
0.00483640
0.00457933
0.00471739
0.00463744
0.00458620
0.00451747
0.00460473
0.00452349
0.00451606
0.00453655
0.00453087
0.00453898
0.00454224
0.00451504
0.00449559
0.00464038
0.00459129
0.00456852
0.00451854
0.00450728
0.00456166
0.00459851
0.00455640
0.00462313
0.00452271
0.00451521
0.00453093
0.00451223
0.00456848
0.00450924
0.00457166
0.00450513
0.00451315
0.00455532
0.00451853
0.00456906
0.00451375
0.00454930
0.00450628
0.00450969
0.00455819
0.00456647
0.00455871
0.00450497
0.00452336
0.00450642
0.00451212
0.00451095
0.00451357
0.00451261
0.00458946
0.00450823
0.00486992
0.00458570
0.00482818
0.00460570
0.00481085
0.00463743
0.00457811
0.00466406
0.00460939
0.00490780
0.00459319
0.00483629
0.00468819
0.00460445
0.00480035
0.00456540
0.00497218
0.00461056
0.00458734
0.00463304
0.00506671
0.00474903
0.00510832
0.00504119
0.00457084
0.00481137
0.00466120
0.00507238
0.00469216
0.00509522
0.00502199
0.00510201
0.00500455
0.00455938
0.00475861
0.00464843
0.00486174
0.00465358
0.00507909
0.00507895
0.00470550
0.00469232
0.00476927
0.00467955
0.00468478
0.00499091
0.00491338
0.00462951
0.00484981
0.00461810
0.00481165
0.00464930
0.00468836
0.00467630
0.00462405
0.00492285
0.00487500
0.00463637
0.00470939
0.00460690
0.00513456
0.00456460
0.00515824
0.00463549
0.00470402
0.00463137
0.00519710
0.00568755
0.00464300
0.00477410
0.00468866
0.00495055
0.00461906
0.00489394
0.00556713
0.00457401
0.00504687
0.00457722
0.00502693
0.00463202
0.00465234
0.00472951
0.00459725
0.00512716
0.00457953
0.00496250
0.00462494
0.00459640
0.00477975
0.00460156
0.00475146
0.00463193
0.00559633
0.00466104
0.00483486
0.00468085
0.00470126
0.00489926
0.00465587
0.00460469
0.00469684
0.00511932
0.00486019
0.00471188
0.00536662
0.00463945
0.00474962
0.00465925
0.00513996
0.00471734
0.00534316
0.00518262
0.00518686
0.00468952
0.00464131
0.00470819
0.00461535
0.00452885
0.00458140
0.00455545
0.00451741
0.00456653
0.00456312
0.00456854
0.00452060
0.00451416
0.00451614
0.00451309
0.00453893
0.00455898
0.00454642
0.00455945
0.00457036
0.00451349
0.00000000
0.00000000
0.00000000
0.00000000
0.00272963
0.00421801
0.00398025
0.00399580
0.00432797
0.00454891
0.00430844
0.00452043
0.00447682
0.00429014
0.00450935
0.00435575
0.00453355
0.00433750
0.00450283
0.00432445
0.00455158
0.00432198
0.00457019
0.00433961
0.00453630
0.00433282
0.00453304
0.00428366
0.00451046
0.00429907
0.00450450
0.00429148
0.00453728
0.00428633
0.00457539
0.00432531
0.00455069
0.00435106
0.00450332
0.00429253
0.00449344
