1
161.50,174.00,36.00,89.00
160.50,174.00,36.00,89.00
160.50,174.00,36.00,89.00
159.50,173.00,36.00,89.00
159.50,172.00,36.00,89.00
158.50,171.00,36.00,89.00
158.50,170.00,36.00,89.00
157.50,169.00,36.00,89.00
157.50,168.00,36.00,89.00
157.50,168.00,36.00,89.00
158.50,168.00,36.00,89.00
158.50,168.00,36.00,89.00
158.50,169.00,36.00,89.00
158.50,170.00,36.00,89.00
158.50,171.00,36.00,89.00
158.50,172.00,36.00,89.00
159.50,173.00,36.00,89.00
159.50,174.00,36.00,89.00
160.50,176.00,36.00,89.00
160.50,177.00,36.00,89.00
160.50,178.00,36.00,89.00
161.50,178.00,36.00,89.00
163.50,178.00,36.00,89.00
164.50,178.00,36.00,89.00
166.50,177.00,36.00,89.00
168.50,177.00,36.00,89.00
169.50,176.00,36.00,89.00
170.50,176.00,36.00,89.00
171.50,176.00,36.00,89.00
171.50,175.00,36.00,89.00
171.50,175.00,36.00,89.00
170.50,174.00,36.00,89.00
169.50,174.00,36.00,89.00
167.50,174.00,36.00,89.00
167.50,173.00,36.00,89.00
166.50,173.00,36.00,89.00
165.50,174.00,36.00,89.00
164.50,175.00,36.00,89.00
163.50,176.00,36.00,89.00
162.50,177.00,36.00,89.00
161.50,177.00,36.00,89.00
160.50,178.00,36.00,89.00
158.50,178.00,36.00,89.00
157.50,178.00,36.00,89.00
156.50,178.00,36.00,89.00
155.50,179.00,36.00,89.00
154.50,179.00,36.00,89.00
153.50,179.00,36.00,89.00
151.50,179.00,36.00,89.00
150.50,179.00,36.00,89.00
150.50,179.00,36.00,89.00
149.50,179.00,36.00,89.00
148.50,179.00,36.00,89.00
147.50,179.00,36.00,89.00
146.50,179.00,36.00,89.00
145.50,179.00,36.00,89.00
143.50,179.00,36.00,89.00
142.50,178.00,36.00,89.00
142.50,177.00,36.00,89.00
142.50,177.00,36.00,89.00
142.50,177.00,36.00,89.00
140.50,178.00,36.00,89.00
139.50,179.00,36.00,89.00
139.50,179.00,36.00,89.00
140.50,180.00,36.00,89.00
141.50,180.00,36.00,89.00
142.50,181.00,36.00,89.00
143.50,181.00,36.00,89.00
143.50,180.00,36.00,89.00
144.50,180.00,36.00,89.00
145.50,179.00,36.00,89.00
146.50,178.00,36.00,89.00
148.50,177.00,36.00,89.00
149.50,177.00,36.00,89.00
150.50,177.00,36.00,89.00
152.50,177.00,36.00,89.00
155.50,177.00,36.00,89.00
157.50,177.00,36.00,89.00
159.50,177.00,36.00,89.00
162.50,177.00,36.00,89.00
165.50,177.00,36.00,89.00
168.50,176.00,36.00,89.00
171.50,176.00,36.00,89.00
175.50,175.00,36.00,89.00
178.50,175.00,36.00,89.00
181.50,175.00,36.00,89.00
184.50,175.00,36.00,89.00
186.50,175.00,36.00,89.00
188.50,175.00,36.00,89.00
190.50,176.00,36.00,89.00
192.50,176.00,36.00,89.00
193.50,176.00,36.00,89.00
194.50,176.00,36.00,89.00
194.50,176.00,36.00,89.00
194.50,176.00,36.00,89.00
194.50,176.00,36.00,89.00
194.50,176.00,36.00,89.00
194.50,176.00,36.00,89.00
194.50,176.00,36.00,89.00
194.50,175.00,36.00,89.00
194.50,175.00,36.00,89.00
195.50,175.00,36.00,89.00
196.50,174.00,36.00,89.00
196.50,173.00,36.00,89.00
197.50,173.00,36.00,89.00
198.50,172.00,36.00,89.00
200.50,171.00,36.00,89.00
201.50,169.00,36.00,89.00
203.50,168.00,36.00,89.00
204.50,166.00,36.00,89.00
206.50,165.00,36.00,89.00
207.50,164.00,36.00,89.00
209.50,163.00,36.00,89.00
210.50,162.00,36.00,89.00
212.50,161.00,36.00,89.00
214.50,160.00,36.00,89.00
215.50,159.00,36.00,89.00
216.50,158.00,36.00,89.00
218.50,157.00,36.00,89.00
219.50,157.00,36.00,89.00
219.50,156.00,36.00,89.00
220.50,156.00,36.00,89.00
220.50,156.00,36.00,89.00
220.50,156.00,36.00,89.00
220.50,156.00,36.00,89.00
220.50,156.00,36.00,89.00
220.50,156.00,36.00,89.00
220.50,156.00,36.00,89.00
220.50,156.00,36.00,89.00
220.50,156.00,36.00,89.00
220.50,156.00,36.00,89.00
220.50,156.00,36.00,89.00
220.50,156.00,36.00,89.00
220.50,156.00,36.00,89.00
220.50,156.00,36.00,89.00
220.50,156.00,36.00,89.00
220.50,156.00,36.00,89.00
220.50,156.00,36.00,89.00
220.50,156.00,36.00,89.00
220.50,156.00,36.00,89.00
220.50,156.00,36.00,89.00
220.50,156.00,36.00,89.00
220.50,156.00,36.00,89.00
220.50,156.00,36.00,89.00
220.50,156.00,36.00,89.00
220.50,156.00,36.00,89.00
220.50,156.00,36.00,89.00
220.50,156.00,36.00,89.00
220.50,156.00,36.00,89.00
221.50,156.00,36.00,89.00
221.50,156.00,36.00,89.00
222.50,156.00,36.00,89.00
223.50,157.00,36.00,89.00
224.50,157.00,36.00,89.00
225.50,158.00,36.00,89.00
226.50,159.00,36.00,89.00
227.50,160.00,36.00,89.00
227.50,162.00,36.00,89.00
227.50,163.00,36.00,89.00
225.50,164.00,36.00,89.00
225.50,163.00,36.00,89.00
223.50,163.00,36.00,89.00
222.50,162.00,36.00,89.00
221.50,161.00,36.00,89.00
219.50,160.00,36.00,89.00
218.50,159.00,36.00,89.00
217.50,158.00,36.00,89.00
216.50,157.00,36.00,89.00
216.50,155.00,36.00,89.00
216.50,152.00,36.00,89.00
215.50,150.00,36.00,89.00
215.50,149.00,36.00,89.00
215.50,148.00,36.00,89.00
215.50,148.00,36.00,89.00
214.50,147.00,36.00,89.00
213.50,146.00,36.00,89.00
213.50,145.00,36.00,89.00
212.50,145.00,36.00,89.00
212.50,145.00,36.00,89.00
212.50,145.00,36.00,89.00
211.50,145.00,36.00,89.00
210.50,146.00,36.00,89.00
210.50,146.00,36.00,89.00
209.50,147.00,36.00,89.00
209.50,147.00,36.00,89.00
207.50,147.00,36.00,89.00
206.50,148.00,36.00,89.00
204.50,148.00,36.00,89.00
203.50,149.00,36.00,89.00
201.50,150.00,36.00,89.00
199.50,151.00,36.00,89.00
197.50,152.00,36.00,89.00
196.50,153.00,36.00,89.00
194.50,153.00,36.00,89.00
193.50,153.00,36.00,89.00
192.50,153.00,36.00,89.00
191.50,152.00,36.00,89.00
190.50,150.00,36.00,89.00
190.50,149.00,36.00,89.00
189.50,148.00,36.00,89.00
189.50,147.00,36.00,89.00
188.50,147.00,36.00,89.00
188.50,147.00,36.00,89.00
187.50,147.00,36.00,89.00
186.50,148.00,36.00,89.00
185.50,149.00,36.00,89.00
183.50,150.00,36.00,89.00
182.50,151.00,36.00,89.00
180.50,152.00,36.00,89.00
179.50,153.00,36.00,89.00
179.50,153.00,36.00,89.00
179.50,153.00,36.00,89.00
179.50,152.00,36.00,89.00
181.50,151.00,36.00,89.00
183.50,150.00,36.00,89.00
185.50,149.00,36.00,89.00
186.50,148.00,36.00,89.00
187.50,148.00,36.00,89.00
188.50,147.00,36.00,89.00
188.50,147.00,36.00,89.00
189.50,147.00,36.00,89.00
189.50,147.00,36.00,89.00
188.50,146.00,36.00,89.00
188.50,146.00,36.00,89.00
188.50,146.00,36.00,89.00
188.50,146.00,36.00,89.00
187.50,146.00,36.00,89.00
187.50,145.00,36.00,89.00
186.50,145.00,36.00,89.00
186.50,144.00,36.00,89.00
186.50,144.00,36.00,89.00
186.50,143.00,36.00,89.00
186.50,143.00,36.00,89.00
186.50,142.00,36.00,89.00
186.50,142.00,36.00,89.00
187.50,141.00,36.00,89.00
188.50,141.00,36.00,89.00
189.50,141.00,36.00,89.00
190.50,141.00,36.00,89.00
191.50,141.00,36.00,89.00
191.50,142.00,36.00,89.00
192.50,143.00,36.00,89.00
193.50,143.00,36.00,89.00
195.50,144.00,36.00,89.00
196.50,144.00,36.00,89.00
197.50,143.00,36.00,89.00
198.50,142.00,36.00,89.00
199.50,141.00,36.00,89.00
200.50,139.00,36.00,89.00
200.50,138.00,36.00,89.00
200.50,137.00,36.00,89.00
199.50,136.00,36.00,89.00
198.50,136.00,36.00,89.00
197.50,137.00,36.00,89.00
197.50,138.00,36.00,89.00
197.50,139.00,36.00,89.00
195.50,140.00,36.00,89.00
195.50,141.00,36.00,89.00
195.50,141.00,36.00,89.00
196.50,142.00,36.00,89.00
197.50,142.00,36.00,89.00
199.50,143.00,36.00,89.00
201.50,143.00,36.00,89.00
202.50,142.00,36.00,89.00
203.50,141.00,36.00,89.00
204.50,140.00,36.00,89.00
205.50,140.00,36.00,89.00
207.50,140.00,36.00,89.00
208.50,141.00,36.00,89.00
210.50,142.00,36.00,89.00
212.50,142.00,36.00,89.00
214.50,143.00,36.00,89.00
217.50,143.00,36.00,89.00
221.50,143.00,36.00,89.00
225.50,144.00,36.00,89.00
228.50,144.00,36.00,89.00
231.50,144.00,36.00,89.00
224.50,146.00,36.00,89.00
235.50,141.00,36.00,89.00
238.50,141.00,36.00,89.00
239.50,140.00,36.00,89.00
241.50,141.00,36.00,89.00
242.50,142.00,36.00,89.00
244.50,143.00,36.00,89.00
244.50,144.00,36.00,89.00
245.50,145.00,36.00,89.00
247.50,145.00,36.00,89.00
249.50,146.00,36.00,89.00
251.50,146.00,36.00,89.00
252.50,147.00,36.00,89.00
254.50,147.00,36.00,89.00
256.50,147.00,36.00,89.00
257.50,147.00,36.00,89.00
258.50,147.00,36.00,89.00
259.50,148.00,36.00,89.00
258.50,148.00,36.00,89.00
257.50,148.00,36.00,89.00
256.50,148.00,36.00,89.00
257.50,147.00,36.00,89.00
257.50,145.00,36.00,89.00
258.50,145.00,36.00,89.00
258.50,145.00,36.00,89.00
257.50,145.00,36.00,89.00
256.50,146.00,36.00,89.00
255.50,147.00,36.00,89.00
251.50,148.00,36.00,89.00
253.50,145.00,36.00,89.00
251.50,146.00,36.00,89.00
245.50,146.00,36.00,89.00
243.50,147.00,36.00,89.00
242.50,148.00,36.00,89.00
241.50,148.00,36.00,89.00
239.50,149.00,36.00,89.00
237.50,150.00,36.00,89.00
236.50,149.00,36.00,89.00
235.50,149.00,36.00,89.00
235.50,151.00,36.00,89.00
233.50,151.00,36.00,89.00
231.50,146.00,36.00,89.00
239.50,151.00,36.00,89.00
237.50,150.00,36.00,89.00
235.50,150.00,36.00,89.00
234.50,150.00,36.00,89.00
233.50,150.00,36.00,89.00
232.50,151.00,36.00,89.00
231.50,151.00,36.00,89.00
231.50,151.00,36.00,89.00
231.50,152.00,36.00,89.00
231.50,152.00,36.00,89.00
232.50,152.00,36.00,89.00
233.50,152.00,36.00,89.00
235.50,152.00,36.00,89.00
237.50,152.00,36.00,89.00
239.50,152.00,36.00,89.00
241.50,152.00,36.00,89.00
243.50,153.00,36.00,89.00
245.50,153.00,36.00,89.00
247.50,153.00,36.00,89.00
250.50,153.00,36.00,89.00
252.50,153.00,36.00,89.00
254.50,153.00,36.00,89.00
255.50,153.00,36.00,89.00
270.50,153.00,36.00,89.00
270.50,153.00,36.00,89.00
267.50,153.00,36.00,89.00
266.50,154.00,36.00,89.00
267.50,154.00,36.00,89.00
269.50,154.00,36.00,89.00
272.50,155.00,36.00,89.00
275.50,155.00,36.00,89.00
285.50,139.00,36.00,89.00
279.50,107.00,36.00,89.00
283.50,97.00,36.00,89.00
272.50,97.00,36.00,89.00
266.50,96.00,36.00,89.00
268.50,76.00,36.00,89.00
268.50,75.00,36.00,89.00
2
0
0
0
0
1
282.32,142.49,50.86,155.32
285.32,143.49,50.86,155.32
286.32,143.49,50.86,155.32
277.32,144.49,50.86,155.32
288.32,126.49,50.86,155.32
289.32,126.49,50.86,155.32
292.32,126.49,50.86,155.32
295.32,127.49,50.86,155.32
297.32,127.49,50.86,155.32
299.32,127.49,50.86,155.32
301.32,127.49,50.86,155.32
303.32,127.49,50.86,155.32
305.32,128.49,50.86,155.32
307.32,129.49,50.86,155.32
310.32,129.49,50.86,155.32
312.32,129.49,50.86,155.32
315.32,130.49,50.86,155.32
317.32,130.49,50.86,155.32
319.32,131.49,50.86,155.32
321.32,131.49,50.86,155.32
323.32,132.49,50.86,155.32
325.32,132.49,50.86,155.32
328.32,132.49,50.86,155.32
329.32,133.49,50.86,155.32
330.32,133.49,50.86,155.32
331.32,133.49,50.86,155.32
332.32,134.49,50.86,155.32
332.32,134.49,50.86,155.32
332.32,134.49,50.86,155.32
333.32,135.49,50.86,155.32
333.32,135.49,50.86,155.32
333.32,135.49,50.86,155.32
334.32,134.49,50.86,155.32
335.32,134.49,50.86,155.32
334.32,134.49,50.86,155.32
341.32,133.49,50.86,155.32
