0.01099855
0.01014485
0.01111684
0.01174312
0.01192065
0.01073656
0.01106346
0.01125690
0.01184161
0.01145753
0.01149180
0.01091889
0.01184464
0.01153314
0.01177694
0.01152666
0.01144463
0.01082288
0.01138073
0.01145768
0.01195438
0.01160599
0.01108275
0.01087032
0.01157707
0.01145903
0.01179027
0.01143910
0.01105727
0.01089642
0.01176102
0.01164076
0.01185756
0.01128424
0.01113262
0.01089615
0.01176741
0.01209513
0.01181219
0.01117610
0.01125078
0.01331928
0.01276118
0.01147743
0.01202556
0.01161407
0.01147337
0.01080710
0.01128349
0.01137912
0.01179430
0.01218506
0.01134211
0.01086652
0.01170600
0.01155283
0.01190304
0.01164790
0.01116736
0.01078433
0.01172668
0.01192882
0.01148595
0.01090189
0.01087548
0.01059932
0.01075253
0.01053003
0.01067909
0.01046336
0.01073268
0.01052519
0.01085263
0.01178340
0.01112643
0.01065294
0.01105613
0.01353874
0.01421554
0.01433630
0.01130715
0.01071009
0.01156093
0.01138619
0.01189707
0.01148727
0.01125641
0.01206330
0.01111256
0.01081484
0.01089062
0.01057044
0.01113734
0.01067828
0.01087049
0.01057726
0.01090409
0.01059693
0.01089134
0.01072720
0.01287002
0.01105907
0.01098784
0.01081098
0.01091512
0.01067775
0.01085662
0.01063163
0.01086379
0.01061153
0.01097381
0.01090739
0.01079536
0.01059469
0.01121078
0.01117767
0.01102950
0.01170769
0.01147497
0.01124856
0.01114737
0.01091568
0.01145319
0.01185083
0.01176100
0.01133077
0.01110228
0.01109120
0.01163240
0.01159503
0.01173157
0.01149992
0.01131841
0.01093133
0.01143784
0.01132418
0.01173023
0.01134070
0.01096778
0.01081279
0.01159548
0.01141525
0.01145777
0.01114479
0.01112002
0.01114330
0.01164514
0.01160735
0.01170949
0.01095193
0.01112390
0.01126256
0.01194712
0.01202370
0.01176528
0.01134186
0.01111148
0.01115452
0.01189804
0.01143272
0.01175536
0.01095649
0.01114593
0.01135137
0.01190921
0.01130394
0.01178936
0.01088844
0.01112297
0.01132664
0.01172045
0.01180887
0.01169759
0.01078191
0.01145762
0.01085497
0.01115321
0.01077851
0.01100384
0.01070026
0.01087169
0.01058509
0.01088223
0.01061400
0.01107953
0.01066184
0.01095026
0.01148556
0.01102487
0.01067628
0.01092957
0.01070217
0.01091890
0.01062230
0.01086018
0.01059946
0.01089528
0.01057558
0.01091727
0.01061530
0.01094140
0.01078498
0.01087991
0.01055171
0.01089235
0.01065094
0.01095377
0.01060394
0.01089273
0.01057993
0.01086314
0.01057665
0.01085842
0.01064962
0.01079063
0.01059790
0.01091347
0.01059516
0.01084760
0.01061555
0.01095562
0.01066833
0.01087222
0.01058569
0.01091411
0.01067540
0.01088056
0.01063984
0.01089405
0.01063005
0.01083145
0.01065796
0.01094924
0.01066028
0.01098605
0.01061462
0.01101168
0.01063308
0.01085877
0.01069046
0.01094683
0.01061477
0.01108854
0.01067710
0.01086086
0.01064786
0.01087875
0.01072804
0.01083424
0.01061195
0.01094726
0.01059741
0.01087038
0.01062473
0.01091870
0.01068520
0.01088987
0.01070003
0.01088224
0.01061209
0.01096742
0.01059348
0.01096063
0.01135354
0.01096145
0.01063891
0.01095188
0.01069564
0.01084812
0.01069181
0.01102709
0.01061809
0.01089332
0.01061187
0.01084478
0.01062769
0.01094334
0.01068807
0.01121013
0.01068381
0.01088718
0.01063261
0.01095344
0.01068512
0.01096797
0.01064508
0.01086251
0.01058852
0.01088788
0.01062580
0.01088887
0.01063041
0.01080560
0.01062088
0.01084108
0.01061220
0.01093348
0.01068622
0.01118546
0.01061649
0.01088336
0.01067447
0.01091703
0.01065806
0.01091041
0.01066359
0.01087242
0.01060710
0.01083152
0.01067424
0.01094414
0.01064915
0.01088902
0.01059119
0.01088577
0.01060397
0.01089890
0.01066815
0.01087054
0.01065711
0.01085570
0.01060927
0.01088100
0.01072540
0.01086902
0.01082890
0.01085566
0.01063474
0.01088983
0.01056526
0.01089664
0.01080644
0.01099633
0.01068058
0.01095376
0.01071912
0.01103750
0.01071627
0.01102705
0.01236798
0.01115781
0.01085492
0.01115767
0.01076781
0.01092595
0.01079132
0.01093552
0.01067064
0.01103400
0.01082923
0.01101153
