0.00272570
0.00490337
0.00329991
0.00335232
0.00315031
0.00311364
0.00313055
0.00321237
0.00312830
0.00311892
0.00312112
0.00310569
0.00310854
0.00308047
0.00307522
0.00311009
0.00311338
0.00310940
0.00307267
0.00306649
0.00307155
0.00306647
0.00307125
0.00306548
0.00306989
0.00306679
0.00306999
0.00308102
0.00307174
0.00306680
0.00311635
0.00306609
0.00307096
0.00306837
0.00307333
0.00306574
0.00306892
0.00306798
0.00308497
0.00320915
0.00339835
0.00330392
0.00325905
0.00314925
0.00327214
0.00315831
0.00321405
0.00318182
0.00356039
0.00338439
0.00337920
0.00327260
0.00373518
0.00334077
0.00319694
0.00322461
0.00316521
0.00312257
0.00311370
0.00310811
0.00312179
0.00310996
0.00312701
0.00310640
0.00310604
0.00310820
0.00320354
0.00307110
0.00333977
0.00307853
0.00313878
0.00306684
0.00315692
0.00308020
0.00313545
0.00308011
0.00318322
0.00315083
0.00385626
0.00330336
0.00344904
0.00337875
0.00322635
0.00318298
0.00337790
0.00311363
0.00308157
0.00350225
0.00318488
0.00313209
0.00309095
0.00315421
0.00326282
0.00340091
0.00352220
0.00324741
0.00327815
0.00341589
0.00333390
0.00338013
0.00329833
0.00334217
0.00394450
0.00345771
0.00330413
0.00331213
0.00350366
0.00343711
0.00339600
0.00308260
0.00306897
0.00365639
0.00316034
0.00356571
0.00320556
0.00333837
0.00313816
0.00362582
0.00336402
0.00347266
0.00320040
0.00359259
0.00345340
0.00324200
0.00322055
0.00366944
0.00331453
0.00323525
0.00313480
0.00357369
0.00331363
0.00313448
0.00307418
0.00341216
0.00317928
0.00307027
0.00306869
0.00306154
0.00308635
0.00311903
0.00306956
0.00306420
0.00307034
0.00306403
0.00306590
0.00305773
0.00306773
0.00306419
0.00306890
0.00306031
0.00306617
0.00307194
0.00306613
0.00305999
0.00413216
0.00339132
0.00313526
0.00311018
0.00311877
0.00310405
0.00310800
0.00310551
0.00308179
0.00310104
0.00307580
0.00306910
0.00311046
0.00306896
0.00306942
0.00306763
0.00307221
0.00308631
0.00307276
0.00306607
0.00307186
0.00306566
0.00307161
0.00306493
0.00308760
0.00306751
0.00307116
0.00312221
0.00307715
0.00308523
0.00307522
0.00312741
0.00307743
0.00308575
0.00307616
0.00306780
0.00307308
0.00348445
0.00319642
0.00307465
0.00306547
0.00315897
0.00307827
0.00306242
0.00307904
0.00310723
0.00307793
0.00306308
0.00306581
0.00306800
0.00307275
0.00306666
0.00307428
0.00306993
0.00308591
0.00306918
0.00307506
0.00307258
0.00307924
0.00307816
0.00306698
0.00306484
0.00310701
0.00311576
0.00307852
0.00307599
0.00307862
0.00323773
0.00322693
0.00323125
0.00363999
0.00317960
0.00312051
0.00312408
0.00349893
0.00324656
0.00314153
0.00348751
0.00343290
0.00320468
0.00314077
0.00314119
0.00347842
0.00315844
0.00312566
0.00313709
0.00339357
0.00320705
0.00316250
0.00315564
0.00329336
0.00313162
0.00307273
0.00309354
0.00334293
0.00330157
0.00313924
0.00309789
0.00333020
0.00316432
0.00322838
0.00317189
0.00330594
0.00317344
0.00325153
0.00330937
0.00356960
0.00328042
0.00310894
0.00322992
0.00339506
0.00329660
0.00312059
0.00371698
0.00343916
0.00315244
0.00316752
0.00402570
0.00330237
0.00319885
0.00328413
0.00372819
0.00331869
0.00325403
0.00355702
0.00348827
0.00324841
0.00326985
0.00369286
0.00336081
0.00332926
0.00335895
0.00380221
0.00331768
0.00338252
0.00344973
0.00349050
0.00330480
0.00333422
0.00368187
0.00332834
0.00323227
0.00329494
0.00370272
0.00328734
0.00324760
0.00332772
0.00378157
0.00331793
0.00335153
0.00336187
0.00347129
0.00324078
0.00326042
0.00373000
0.00335786
0.00324352
0.00334752
0.00341801
0.00324517
0.00321104
0.00323229
0.00341266
0.00324680
0.00323991
0.00329898
0.00349314
0.00333384
0.00336303
0.00344391
0.00350734
0.00328783
0.00343657
0.00347551
0.00330948
0.00325166
0.00325956
0.00359229
0.00334401
0.00377877
0.00338483
0.00339370
0.00329343
0.00380788
0.00346064
0.00336143
0.00327399
0.00326586
0.00356571
0.00318861
0.00365998
0.00342476
0.00323747
0.00315924
0.00368860
0.00351948
0.00319730
0.00315809
0.00351873
0.00351394
0.00318167
0.00339511
0.00320026
0.00324600
0.00317008
0.00365559
0.00350820
0.00321447
0.00316563
0.00367977
0.00350495
0.00317948
0.00314975
0.00342783
0.00352707
0.00309695
0.00312334
0.00310174
0.00331881
0.00308560
0.00350481
0.00313654
0.00316202
0.00317508
0.00366002
0.00340874
0.00321914
0.00312457
0.00363304
0.00357402
0.00315182
0.00307558
0.00367902
0.00407412
0.00317694
0.00369019
0.00339615
0.00361450
0.00325275
0.00379483
0.00396268
0.00325131
0.00359102
0.00324759
0.00358489
0.00316466
0.00327551
0.00338009
0.00392533
0.00339202
0.00329266
0.00335327
0.00329435
0.00374841
0.00329789
0.00329891
0.00332178
0.00313436
0.00335399
0.00321914
0.00323111
0.00322278
0.00324009
0.00316344
0.00314652
0.00313858
0.00326447
0.00315867
0.00314908
0.00314403
0.00317627
0.00313856
0.00314437
0.00313588
0.00316504
0.00313280
0.00313925
0.00313374
0.00313711
0.00313349
0.00314459
0.00316144
0.00313902
0.00305801
0.00306701
0.00305932
0.00306541
0.00306075
0.00312404
0.00306089
0.00306445
0.00305766
0.00306360
0.00305684
0.00311873
0.00308302
0.00306603
0.00306912
0.00306487
0.00314944
0.00315985
0.00313663
0.00329336
0.00331221
0.00321711
0.00352986
0.00318215
0.00313258
0.00316714
0.00320132
0.00321370
0.00312222
0.00308022
0.00316522
0.00314946
0.00308854
0.00315981
0.00324557
0.00309299
0.00306010
0.00307095
0.00311267
0.00307671
0.00306067
0.00306624
0.00310966
0.00307312
0.00306095
0.00306976
0.00364099
0.00307584
0.00306086
0.00311858
0.00305398
0.00305964
0.00305177
0.00306012
0.00305447
0.00305972
0.00305771
0.00306469
0.00305959
0.00306633
0.00306007
0.00306714
0.00305852
0.00306865
0.00306064
0.00306567
0.00306026
0.00306963
0.00306464
0.00306790
0.00305976
0.00307417
0.00305980
0.00306421
0.00306061
0.00306546
0.00305742
0.00306394
0.00305362
0.00310606
0.00305415
0.00308621
0.00305204
0.00306334
0.00306132
0.00306483
0.00305715
0.00306305
0.00305670
0.00306351
0.00305421
0.00306601
0.00305863
0.00306520
0.00312453
0.00306663
0.00305819
0.00306549
0.00305910
0.00306750
0.00305605
0.00306646
0.00305771
0.00309211
0.00305963
0.00306452
0.00305278
0.00306036
0.00305379
0.00305750
0.00305317
0.00305871
0.00305171
0.00306020
0.00305941
0.00306555
0.00310835
0.00307288
0.00305703
0.00306502
0.00305682
0.00306337
0.00305806
0.00306871
0.00305830
0.00306559
0.00305917
0.00306899
0.00305826
0.00306465
0.00305870
0.00306611
0.00305164
0.00305909
0.00305173
0.00305791
0.00305263
0.00305961
0.00305899
0.00315039
0.00306159
0.00306651
0.00305851
0.00306712
0.00305813
0.00306472
0.00305744
0.00306424
0.00307019
0.00306556
0.00305796
0.00306413
0.00305930
0.00306489
0.00306076
0.00306281
0.00306004
0.00306364
0.00305336
0.00328966
0.00316600
0.00322137
0.00306537
0.00322213
0.00328569
0.00307288
0.00307717
0.00311472
0.00306784
0.00306573
0.00305743
0.00307066
0.00306011
0.00306541
0.00305657
0.00307146
0.00305665
0.00306046
0.00305491
0.00306141
0.00305289
0.00305989
0.00305635
0.00308674
0.00306072
0.00306329
0.00321402
0.00308628
0.00306327
0.00306571
0.00306102
0.00306824
0.00306116
0.00306453
0.00307207
0.00306853
0.00305817
0.00306625
0.00306045
0.00311176
0.00306532
0.00305868
0.00305453
0.00305826
0.00305485
0.00306243
0.00305948
0.00306653
0.00309800
0.00306602
0.00306204
0.00306558
0.00305708
0.00306458
0.00305853
0.00306636
0.00305845
0.00306897
0.00306058
0.00306900
0.00305959
0.00306771
0.00306216
0.00306426
0.00306166
0.00307657
0.00305853
0.00306408
0.00306857
0.00305919
0.00305324
0.00306093
0.00305137
0.00306008
0.00305300
0.00305890
0.00305924
0.00306316
0.00305901
0.00306332
0.00306889
0.00306445
0.00307358
0.00306776
0.00305989
0.00306406
0.00305804
0.00306552
0.00306104
0.00306885
0.00306214
0.00323114
0.00307835
0.00307007
0.00307294
0.00306439
0.00305689
0.00334848
0.00307847
0.00336056
0.00325188
0.00356865
0.00378740
0.00328199
0.00325275
0.00317563
0.00338740
0.00338295
0.00330345
0.00333648
0.00354427
0.00339041
0.00326138
0.00335217
0.00328904
0.00326904
0.00319169
0.00326651
0.00321260
0.00321181
0.00312999
0.00318657
0.00311333
0.00306664
0.00311277
0.00316006
0.00307972
0.00310957
0.00305981
0.00306585
0.00306200
0.00306796
0.00307349
0.00323209
0.00311026
0.00312990
0.00306339
0.00306570
0.00306258
0.00306513
0.00306280
0.00306406
0.00306164
0.00307807
0.00307475
0.00306457
0.00306389
0.00307980
0.00306350
0.00306532
0.00305553
0.00306680
0.00305848
0.00326211
0.00306462
0.00307009
0.00306636
0.00307224
0.00310368
0.00307163
0.00306130
0.00306666
0.00306044
0.00306585
0.00305702
0.00306495
0.00305851
0.00306565
0.00305283
0.00305923
0.00305241
0.00305850
0.00305197
