1
150.00,57.00,83.00,97.00
148.00,60.00,83.00,97.00
145.00,64.00,83.00,97.00
143.00,64.00,83.00,97.00
140.00,63.00,83.00,97.00
138.00,60.00,83.00,97.00
137.00,56.00,83.00,97.00
136.00,53.00,83.00,97.00
135.00,52.00,83.00,97.00
133.00,52.00,83.00,97.00
127.00,53.00,83.00,97.00
121.00,55.00,83.00,97.00
115.00,57.00,83.00,97.00
111.00,57.00,83.00,97.00
110.00,54.00,83.00,97.00
111.00,52.00,83.00,97.00
113.00,51.00,83.00,97.00
116.00,52.00,83.00,97.00
118.00,53.00,83.00,97.00
120.00,56.00,83.00,97.00
120.00,59.00,83.00,97.00
120.00,60.00,83.00,97.00
121.00,61.00,83.00,97.00
121.00,62.00,83.00,97.00
122.00,63.00,83.00,97.00
122.00,62.00,83.00,97.00
124.00,57.00,83.00,97.00
127.00,52.00,83.00,97.00
132.00,47.00,83.00,97.00
137.00,44.00,83.00,97.00
140.00,42.00,83.00,97.00
144.00,42.00,83.00,97.00
148.00,42.00,83.00,97.00
151.00,44.00,83.00,97.00
152.00,47.00,83.00,97.00
151.00,48.00,83.00,97.00
150.00,46.00,83.00,97.00
148.00,43.00,83.00,97.00
144.00,41.00,83.00,97.00
141.00,39.00,83.00,97.00
138.00,40.00,83.00,97.00
131.00,45.00,83.00,97.00
125.00,49.00,83.00,97.00
121.00,52.00,83.00,97.00
117.00,51.00,83.00,97.00
114.00,51.00,83.00,97.00
113.00,52.00,83.00,97.00
111.00,52.00,83.00,97.00
111.00,50.00,83.00,97.00
112.00,44.00,83.00,97.00
113.00,40.00,83.00,97.00
116.00,39.00,83.00,97.00
120.00,41.00,83.00,97.00
121.00,45.00,83.00,97.00
123.00,51.00,83.00,97.00
127.00,55.00,83.00,97.00
130.00,59.00,83.00,97.00
133.00,61.00,83.00,97.00
136.00,58.00,83.00,97.00
140.00,53.00,83.00,97.00
144.00,47.00,83.00,97.00
148.00,42.00,83.00,97.00
149.00,39.00,83.00,97.00
150.00,39.00,83.00,97.00
150.00,45.00,83.00,97.00
146.00,50.00,83.00,97.00
144.00,51.00,83.00,97.00
142.00,53.00,83.00,97.00
142.00,54.00,83.00,97.00
139.00,54.00,83.00,97.00
139.00,51.00,83.00,97.00
140.00,47.00,83.00,97.00
141.00,48.00,83.00,97.00
140.00,53.00,83.00,97.00
138.00,58.00,83.00,97.00
136.00,58.00,83.00,97.00
135.00,58.00,83.00,97.00
134.00,59.00,83.00,97.00
133.00,61.00,83.00,97.00
131.00,60.00,83.00,97.00
127.00,57.00,83.00,97.00
123.00,54.00,83.00,97.00
122.00,51.00,83.00,97.00
123.00,50.00,83.00,97.00
121.00,55.00,83.00,97.00
120.00,60.00,83.00,97.00
121.00,64.00,83.00,97.00
122.00,68.00,83.00,97.00
124.00,71.00,83.00,97.00
128.00,71.00,83.00,97.00
129.00,65.00,83.00,97.00
133.00,56.00,83.00,97.00
137.00,50.00,83.00,97.00
142.00,46.00,83.00,97.00
146.00,44.00,83.00,97.00
147.00,47.00,83.00,97.00
148.00,50.00,83.00,97.00
150.00,51.00,83.00,97.00
152.00,52.00,83.00,97.00
153.00,52.00,83.00,97.00
153.00,52.00,83.00,97.00
152.00,51.00,83.00,97.00
152.00,50.00,83.00,97.00
150.00,50.00,83.00,97.00
149.00,48.00,83.00,97.00
148.00,50.00,83.00,97.00
144.00,55.00,83.00,97.00
140.00,57.00,83.00,97.00
137.00,57.00,83.00,97.00
133.00,59.00,83.00,97.00
129.00,62.00,83.00,97.00
125.00,60.00,83.00,97.00
125.00,56.00,83.00,97.00
126.00,53.00,83.00,97.00
127.00,53.00,83.00,97.00
127.00,53.00,83.00,97.00
128.00,53.00,83.00,97.00
126.00,54.00,83.00,97.00
128.00,56.00,83.00,97.00
129.00,59.00,83.00,97.00
130.00,60.00,83.00,97.00
132.00,59.00,83.00,97.00
135.00,57.00,83.00,97.00
137.00,54.00,83.00,97.00
141.00,52.00,83.00,97.00
146.00,50.00,83.00,97.00
151.00,48.00,83.00,97.00
156.00,47.00,83.00,97.00
159.00,48.00,83.00,97.00
160.00,50.00,83.00,97.00
161.00,51.00,83.00,97.00
162.00,51.00,83.00,97.00
162.00,50.00,83.00,97.00
160.00,49.00,83.00,97.00
159.00,48.00,83.00,97.00
159.00,46.00,83.00,97.00
160.00,42.00,83.00,97.00
162.00,40.00,83.00,97.00
161.00,39.00,83.00,97.00
159.00,38.00,83.00,97.00
155.00,37.00,83.00,97.00
153.00,39.00,83.00,97.00
149.00,41.00,83.00,97.00
145.00,43.00,83.00,97.00
141.00,43.00,83.00,97.00
139.00,42.00,83.00,97.00
137.00,38.00,83.00,97.00
135.00,33.00,83.00,97.00
133.00,30.00,83.00,97.00
133.00,29.00,83.00,97.00
130.00,29.00,83.00,97.00
130.00,31.00,83.00,97.00
130.00,33.00,83.00,97.00
129.00,39.00,83.00,97.00
130.00,44.00,83.00,97.00
130.00,46.00,83.00,97.00
131.00,45.00,83.00,97.00
133.00,43.00,83.00,97.00
133.00,40.00,83.00,97.00
132.00,36.00,83.00,97.00
134.00,33.00,83.00,97.00
134.00,30.00,83.00,97.00
134.00,29.00,83.00,97.00
132.00,29.00,83.00,97.00
130.00,31.00,83.00,97.00
128.00,34.00,83.00,97.00
127.00,38.00,83.00,97.00
127.00,41.00,83.00,97.00
126.00,44.00,83.00,97.00
127.00,45.00,83.00,97.00
126.00,43.00,83.00,97.00
127.00,39.00,83.00,97.00
127.00,35.00,83.00,97.00
126.00,31.00,83.00,97.00
125.00,28.00,83.00,97.00
124.00,27.00,83.00,97.00
123.00,27.00,83.00,97.00
125.00,29.00,83.00,97.00
127.00,32.00,83.00,97.00
129.00,33.00,83.00,97.00
128.00,36.00,83.00,97.00
127.00,39.00,83.00,97.00
124.00,41.00,83.00,97.00
121.00,42.00,83.00,97.00
118.00,43.00,83.00,97.00
114.00,41.00,83.00,97.00
113.00,39.00,83.00,97.00
110.00,37.00,83.00,97.00
107.00,36.00,83.00,97.00
104.00,36.00,83.00,97.00
104.00,36.00,83.00,97.00
105.00,37.00,83.00,97.00
107.00,37.00,83.00,97.00
111.00,35.00,83.00,97.00
115.00,31.00,83.00,97.00
119.00,27.00,83.00,97.00
120.00,24.00,83.00,97.00
121.00,19.00,83.00,97.00
126.00,20.00,83.00,97.00
132.00,24.00,83.00,97.00
135.00,28.00,83.00,97.00
140.00,30.00,83.00,97.00
144.00,32.00,83.00,97.00
146.00,31.00,83.00,97.00
149.00,32.00,83.00,97.00
150.00,33.00,83.00,97.00
151.00,36.00,83.00,97.00
154.00,39.00,83.00,97.00
155.00,41.00,83.00,97.00
157.00,43.00,83.00,97.00
158.00,44.00,83.00,97.00
158.00,45.00,83.00,97.00
156.00,45.00,83.00,97.00
151.00,43.00,83.00,97.00
147.00,45.00,83.00,97.00
143.00,44.00,83.00,97.00
139.00,44.00,83.00,97.00
133.00,43.00,83.00,97.00
131.00,42.00,83.00,97.00
129.00,41.00,83.00,97.00
127.00,41.00,83.00,97.00
128.00,42.00,83.00,97.00
130.00,46.00,83.00,97.00
132.00,49.00,83.00,97.00
137.00,52.00,83.00,97.00
142.00,53.00,83.00,97.00
147.00,53.00,83.00,97.00
153.00,53.00,83.00,97.00
158.00,52.00,83.00,97.00
162.00,53.00,83.00,97.00
165.00,52.00,83.00,97.00
167.00,50.00,83.00,97.00
169.00,50.00,83.00,97.00
169.00,53.00,83.00,97.00
166.00,55.00,83.00,97.00
165.00,57.00,83.00,97.00
163.00,59.00,83.00,97.00
161.00,60.00,83.00,97.00
161.00,60.00,83.00,97.00
161.00,60.00,83.00,97.00
161.00,59.00,83.00,97.00
162.00,58.00,83.00,97.00
165.00,57.00,83.00,97.00
168.00,57.00,83.00,97.00
169.00,57.00,83.00,97.00
172.00,59.00,83.00,97.00
172.00,61.00,83.00,97.00
173.00,63.00,83.00,97.00
173.00,63.00,83.00,97.00
172.00,63.00,83.00,97.00
168.00,60.00,83.00,97.00
165.00,56.00,83.00,97.00
163.00,53.00,83.00,97.00
161.00,50.00,83.00,97.00
160.00,47.00,83.00,97.00
158.00,43.00,83.00,97.00
158.00,42.00,83.00,97.00
158.00,42.00,83.00,97.00
158.00,46.00,83.00,97.00
156.00,53.00,83.00,97.00
157.00,59.00,83.00,97.00
159.00,63.00,83.00,97.00
161.00,62.00,83.00,97.00
163.00,58.00,83.00,97.00
166.00,53.00,83.00,97.00
167.00,48.00,83.00,97.00
169.00,45.00,83.00,97.00
169.00,43.00,83.00,97.00
169.00,40.00,83.00,97.00
167.00,40.00,83.00,97.00
166.00,43.00,83.00,97.00
164.00,46.00,83.00,97.00
164.00,49.00,83.00,97.00
163.00,50.00,83.00,97.00
159.00,50.00,83.00,97.00
153.00,49.00,83.00,97.00
147.00,47.00,83.00,97.00
142.00,45.00,83.00,97.00
137.00,40.00,83.00,97.00
128.00,36.00,83.00,97.00
123.00,34.00,83.00,97.00
119.00,34.00,83.00,97.00
118.00,36.00,83.00,97.00
116.00,40.00,83.00,97.00
116.00,46.00,83.00,97.00
115.00,51.00,83.00,97.00
116.00,53.00,83.00,97.00
118.00,52.00,83.00,97.00
124.00,53.00,83.00,97.00
129.00,53.00,83.00,97.00
135.00,51.00,83.00,97.00
143.00,49.00,83.00,97.00
144.00,49.00,83.00,97.00
143.00,48.00,83.00,97.00
140.00,47.00,83.00,97.00
135.00,47.00,83.00,97.00
130.00,48.00,83.00,97.00
123.00,50.00,83.00,97.00
116.00,51.00,83.00,97.00
109.00,50.00,83.00,97.00
102.00,47.00,83.00,97.00
96.00,42.00,83.00,97.00
89.00,36.00,83.00,97.00
84.00,33.00,83.00,97.00
83.00,32.00,83.00,97.00
82.00,33.00,83.00,97.00
82.00,39.00,83.00,97.00
80.00,46.00,83.00,97.00
78.00,51.00,83.00,97.00
75.00,55.00,83.00,97.00
69.00,56.00,83.00,97.00
62.00,55.00,83.00,97.00
56.00,54.00,83.00,97.00
50.00,49.00,83.00,97.00
51.00,45.00,83.00,97.00
52.00,41.00,83.00,97.00
54.00,41.00,83.00,97.00
59.00,41.00,83.00,97.00
64.00,45.00,83.00,97.00
66.00,49.00,83.00,97.00
67.00,51.00,83.00,97.00
71.00,53.00,83.00,97.00
75.00,55.00,83.00,97.00
80.00,56.00,83.00,97.00
84.00,53.00,83.00,97.00
89.00,48.00,83.00,97.00
93.00,40.00,83.00,97.00
102.00,32.00,83.00,97.00
111.00,28.00,83.00,97.00
118.00,29.00,83.00,97.00
123.00,34.00,83.00,97.00
124.00,37.00,83.00,97.00
126.00,39.00,83.00,97.00
127.00,40.00,83.00,97.00
129.00,42.00,83.00,97.00
129.00,42.00,83.00,97.00
128.00,41.00,83.00,97.00
130.00,39.00,83.00,97.00
131.00,37.00,83.00,97.00
130.00,34.00,83.00,97.00
132.00,34.00,83.00,97.00
131.00,36.00,83.00,97.00
131.00,37.00,83.00,97.00
131.00,39.00,83.00,97.00
131.00,39.00,83.00,97.00
131.00,40.00,83.00,97.00
132.00,40.00,83.00,97.00
134.00,39.00,83.00,97.00
136.00,35.00,83.00,97.00
139.00,30.00,83.00,97.00
144.00,27.00,83.00,97.00
147.00,27.00,83.00,97.00
149.00,33.00,83.00,97.00
149.00,40.00,83.00,97.00
147.00,46.00,83.00,97.00
147.00,51.00,83.00,97.00
146.00,52.00,83.00,97.00
142.00,48.00,83.00,97.00
141.00,42.00,83.00,97.00
145.00,37.00,83.00,97.00
150.00,33.00,83.00,97.00
154.00,35.00,83.00,97.00
153.00,38.00,83.00,97.00
152.00,43.00,83.00,97.00
148.00,45.00,83.00,97.00
140.00,47.00,83.00,97.00
134.00,47.00,83.00,97.00
128.00,47.00,83.00,97.00
119.00,42.00,83.00,97.00
115.00,38.00,83.00,97.00
113.00,32.00,83.00,97.00
116.00,30.00,83.00,97.00
117.00,32.00,83.00,97.00
117.00,35.00,83.00,97.00
117.00,38.00,83.00,97.00
117.00,40.00,83.00,97.00
116.00,41.00,83.00,97.00
113.00,42.00,83.00,97.00
110.00,43.00,83.00,97.00
108.00,40.00,83.00,97.00
111.00,36.00,83.00,97.00
114.00,34.00,83.00,97.00
118.00,33.00,83.00,97.00
127.00,37.00,83.00,97.00
132.00,41.00,83.00,97.00
138.00,41.00,83.00,97.00
146.00,38.00,83.00,97.00
150.00,37.00,83.00,97.00
154.00,35.00,83.00,97.00
156.00,34.00,83.00,97.00
157.00,33.00,83.00,97.00
157.00,29.00,83.00,97.00
158.00,26.00,83.00,97.00
159.00,24.00,83.00,97.00
157.00,24.00,83.00,97.00
157.00,26.00,83.00,97.00
159.00,33.00,83.00,97.00
156.00,40.00,83.00,97.00
152.00,44.00,83.00,97.00
147.00,46.00,83.00,97.00
141.00,46.00,83.00,97.00
135.00,42.00,83.00,97.00
135.00,38.00,83.00,97.00
139.00,33.00,83.00,97.00
141.00,33.00,83.00,97.00
141.00,35.00,83.00,97.00
141.00,38.00,83.00,97.00
142.00,41.00,83.00,97.00
143.00,43.00,83.00,97.00
143.00,44.00,83.00,97.00
145.00,46.00,83.00,97.00
146.00,48.00,83.00,97.00
148.00,48.00,83.00,97.00
150.00,44.00,83.00,97.00
149.00,40.00,83.00,97.00
152.00,40.00,83.00,97.00
154.00,43.00,83.00,97.00
153.00,47.00,83.00,97.00
151.00,50.00,83.00,97.00
147.00,52.00,83.00,97.00
143.00,53.00,83.00,97.00
141.00,52.00,83.00,97.00
140.00,50.00,83.00,97.00
137.00,48.00,83.00,97.00
134.00,45.00,83.00,97.00
129.00,43.00,83.00,97.00
127.00,42.00,83.00,97.00
124.00,37.00,83.00,97.00
123.00,30.00,83.00,97.00
121.00,30.00,83.00,97.00
118.00,34.00,83.00,97.00
118.00,37.00,83.00,97.00
119.00,38.00,83.00,97.00
117.00,42.00,83.00,97.00
115.00,44.00,83.00,97.00
114.00,45.00,83.00,97.00
113.00,45.00,83.00,97.00
116.00,44.00,83.00,97.00
122.00,44.00,83.00,97.00
129.00,45.00,83.00,97.00
136.00,45.00,83.00,97.00
141.00,45.00,83.00,97.00
144.00,44.00,83.00,97.00
146.00,46.00,83.00,97.00
144.00,48.00,83.00,97.00
145.00,47.00,83.00,97.00
148.00,45.00,83.00,97.00
146.00,44.00,83.00,97.00
145.00,44.00,83.00,97.00
136.00,42.00,83.00,97.00
131.00,39.00,83.00,97.00
131.00,41.00,83.00,97.00
134.00,40.00,83.00,97.00
132.00,43.00,83.00,97.00
130.00,46.00,83.00,97.00
128.00,47.00,83.00,97.00
132.00,49.00,83.00,97.00
134.00,50.00,83.00,97.00
136.00,51.00,83.00,97.00
137.00,52.00,83.00,97.00
139.00,53.00,83.00,97.00
138.00,52.00,83.00,97.00
139.00,52.00,83.00,97.00
138.00,52.00,83.00,97.00
136.00,53.00,83.00,97.00
132.00,52.00,83.00,97.00
130.00,51.00,83.00,97.00
128.00,50.00,83.00,97.00
124.00,49.00,83.00,97.00
119.00,48.00,83.00,97.00
117.00,48.00,83.00,97.00
114.00,47.00,83.00,97.00
114.00,47.00,83.00,97.00
113.00,46.00,83.00,97.00
114.00,45.00,83.00,97.00
115.00,43.00,83.00,97.00
118.00,41.00,83.00,97.00
120.00,39.00,83.00,97.00
122.00,39.00,83.00,97.00
125.00,38.00,83.00,97.00
126.00,38.00,83.00,97.00
126.00,38.00,83.00,97.00
123.00,38.00,83.00,97.00
123.00,37.00,83.00,97.00
123.00,35.00,83.00,97.00
124.00,34.00,83.00,97.00
125.00,33.00,83.00,97.00
126.00,32.00,83.00,97.00
126.00,31.00,83.00,97.00
130.00,29.00,83.00,97.00
131.00,28.00,83.00,97.00
132.00,26.00,83.00,97.00
126.00,23.00,83.00,97.00
126.00,22.00,83.00,97.00
125.00,24.00,83.00,97.00
121.00,24.00,83.00,97.00
120.00,26.00,83.00,97.00
117.00,25.00,83.00,97.00
120.00,26.00,83.00,97.00
121.00,23.00,83.00,97.00
128.00,22.00,83.00,97.00
132.00,18.00,83.00,97.00
136.00,15.00,83.00,97.00
142.00,16.00,83.00,97.00
147.00,18.00,83.00,97.00
149.00,19.00,83.00,97.00
153.00,20.00,83.00,97.00
156.00,19.00,83.00,97.00
155.00,15.00,83.00,97.00
156.00,12.00,83.00,97.00
159.00,10.00,83.00,97.00
163.00,10.00,83.00,97.00
160.00,14.00,83.00,97.00
160.00,20.00,83.00,97.00
156.00,25.00,83.00,97.00
149.00,28.00,83.00,97.00
142.00,30.00,83.00,97.00
136.00,31.00,83.00,97.00
128.00,29.00,83.00,97.00
128.00,30.00,83.00,97.00
126.00,27.00,83.00,97.00
124.00,23.00,83.00,97.00
127.00,24.00,83.00,97.00
130.00,26.00,83.00,97.00
133.00,26.00,83.00,97.00
137.00,28.00,83.00,97.00
140.00,31.00,83.00,97.00
143.00,35.00,83.00,97.00
148.00,38.00,83.00,97.00
151.00,40.00,83.00,97.00
154.00,38.00,83.00,97.00
157.00,32.00,83.00,97.00
158.00,28.00,83.00,97.00
159.00,27.00,83.00,97.00
161.00,28.00,83.00,97.00
163.00,31.00,83.00,97.00
163.00,31.00,83.00,97.00
162.00,29.00,83.00,97.00
160.00,26.00,83.00,97.00
158.00,22.00,83.00,97.00
157.00,17.00,83.00,97.00
157.00,12.00,83.00,97.00
153.00,7.00,83.00,97.00
151.00,9.00,83.00,97.00
146.00,13.00,83.00,97.00
140.00,15.00,83.00,97.00
137.00,15.00,83.00,97.00
137.00,16.00,83.00,97.00
137.00,16.00,83.00,97.00
135.00,17.00,83.00,97.00
133.00,18.00,83.00,97.00
131.00,17.00,83.00,97.00
133.00,15.00,83.00,97.00
135.00,16.00,83.00,97.00
136.00,19.00,83.00,97.00
138.00,24.00,83.00,97.00
138.00,29.00,83.00,97.00
138.00,32.00,83.00,97.00
139.00,35.00,83.00,97.00
136.00,34.00,83.00,97.00
138.00,29.00,83.00,97.00
141.00,20.00,83.00,97.00
145.00,15.00,83.00,97.00
148.00,18.00,83.00,97.00
150.00,23.00,83.00,97.00
150.00,28.00,83.00,97.00
148.00,30.00,83.00,97.00
147.00,31.00,83.00,97.00
146.00,33.00,83.00,97.00
145.00,34.00,83.00,97.00
145.00,31.00,83.00,97.00
147.00,31.00,83.00,97.00
147.00,31.00,83.00,97.00
141.00,30.00,83.00,97.00
136.00,30.00,83.00,97.00
134.00,31.00,83.00,97.00
129.00,31.00,83.00,97.00
123.00,30.00,83.00,97.00
118.00,29.00,83.00,97.00
113.00,28.00,83.00,97.00
109.00,28.00,83.00,97.00
112.00,27.00,83.00,97.00
114.00,25.00,83.00,97.00
115.00,20.00,83.00,97.00
120.00,20.00,83.00,97.00
123.00,24.00,83.00,97.00
126.00,31.00,83.00,97.00
130.00,36.00,83.00,97.00
136.00,37.00,83.00,97.00
143.00,34.00,83.00,97.00
148.00,30.00,83.00,97.00
150.00,26.00,83.00,97.00
153.00,23.00,83.00,97.00
156.00,20.00,83.00,97.00
158.00,18.00,83.00,97.00
158.00,19.00,83.00,97.00
157.00,20.00,83.00,97.00
157.00,22.00,83.00,97.00
157.00,24.00,83.00,97.00
153.00,26.00,83.00,97.00
150.00,27.00,83.00,97.00
150.00,28.00,83.00,97.00
147.00,28.00,83.00,97.00
147.00,26.00,83.00,97.00
147.00,24.00,83.00,97.00
147.00,24.00,83.00,97.00
147.00,25.00,83.00,97.00
147.00,26.00,83.00,97.00
147.00,27.00,83.00,97.00
150.00,28.00,83.00,97.00
152.00,29.00,83.00,97.00
152.00,29.00,83.00,97.00
151.00,30.00,83.00,97.00
153.00,31.00,83.00,97.00
151.00,34.00,83.00,97.00
146.00,39.00,83.00,97.00
146.00,43.00,83.00,97.00
147.00,47.00,83.00,97.00
147.00,50.00,83.00,97.00
144.00,52.00,83.00,97.00
141.00,51.00,83.00,97.00
141.00,49.00,83.00,97.00
143.00,47.00,83.00,97.00
141.00,45.00,83.00,97.00
143.00,41.00,83.00,97.00
146.00,40.00,83.00,97.00
149.00,40.00,83.00,97.00
152.00,41.00,83.00,97.00
156.00,42.00,83.00,97.00
157.00,42.00,83.00,97.00
160.00,43.00,83.00,97.00
162.00,42.00,83.00,97.00
162.00,37.00,83.00,97.00
161.00,35.00,83.00,97.00
158.00,33.00,83.00,97.00
154.00,31.00,83.00,97.00
149.00,32.00,83.00,97.00
144.00,35.00,83.00,97.00
139.00,37.00,83.00,97.00
135.00,39.00,83.00,97.00
131.00,41.00,83.00,97.00
126.00,42.00,83.00,97.00
122.00,42.00,83.00,97.00
121.00,42.00,83.00,97.00
117.00,39.00,83.00,97.00
118.00,35.00,83.00,97.00
121.00,34.00,83.00,97.00
123.00,35.00,83.00,97.00
125.00,40.00,83.00,97.00
128.00,44.00,83.00,97.00
133.00,49.00,83.00,97.00
138.00,53.00,83.00,97.00
144.00,53.00,83.00,97.00
147.00,51.00,83.00,97.00
154.00,48.00,83.00,97.00
161.00,46.00,83.00,97.00
164.00,47.00,83.00,97.00
167.00,49.00,83.00,97.00
169.00,53.00,83.00,97.00
169.00,56.00,83.00,97.00
166.00,57.00,83.00,97.00
163.00,56.00,83.00,97.00
158.00,54.00,83.00,97.00
156.00,51.00,83.00,97.00
154.00,51.00,83.00,97.00
151.00,52.00,83.00,97.00
150.00,51.00,83.00,97.00
151.00,50.00,83.00,97.00
149.00,50.00,83.00,97.00
147.00,51.00,83.00,97.00
145.00,52.00,83.00,97.00
142.00,52.00,83.00,97.00
141.00,51.00,83.00,97.00
141.00,51.00,83.00,97.00
140.00,51.00,83.00,97.00
140.00,49.00,83.00,97.00
142.00,47.00,83.00,97.00
144.00,46.00,83.00,97.00
147.00,46.00,83.00,97.00
152.00,48.00,83.00,97.00
158.00,50.00,83.00,97.00
161.00,53.00,83.00,97.00
164.00,56.00,83.00,97.00
166.00,58.00,83.00,97.00
168.00,58.00,83.00,97.00
170.00,56.00,83.00,97.00
171.00,54.00,83.00,97.00
171.00,52.00,83.00,97.00
171.00,51.00,83.00,97.00
171.00,50.00,83.00,97.00
172.00,49.00,83.00,97.00
172.00,45.00,83.00,97.00
175.00,42.00,83.00,97.00
178.00,43.00,83.00,97.00
178.00,46.00,83.00,97.00
179.00,49.00,83.00,97.00
181.00,52.00,83.00,97.00
180.00,53.00,83.00,97.00
178.00,52.00,83.00,97.00
176.00,52.00,83.00,97.00
173.00,51.00,83.00,97.00
170.00,49.00,83.00,97.00
165.00,47.00,83.00,97.00
163.00,47.00,83.00,97.00
163.00,48.00,83.00,97.00
162.00,49.00,83.00,97.00
160.00,49.00,83.00,97.00
159.00,47.00,83.00,97.00
155.00,44.00,83.00,97.00
152.00,41.00,83.00,97.00
152.00,37.00,83.00,97.00
152.00,35.00,83.00,97.00
148.00,33.00,83.00,97.00
154.00,32.00,83.00,97.00
157.00,34.00,83.00,97.00
162.00,37.00,83.00,97.00
166.00,40.00,83.00,97.00
167.00,41.00,83.00,97.00
170.00,41.00,83.00,97.00
172.00,41.00,83.00,97.00
171.00,40.00,83.00,97.00
168.00,40.00,83.00,97.00
166.00,38.00,83.00,97.00
167.00,35.00,83.00,97.00
164.00,36.00,83.00,97.00
161.00,38.00,83.00,97.00
160.00,42.00,83.00,97.00
158.00,45.00,83.00,97.00
156.00,47.00,83.00,97.00
151.00,45.00,83.00,97.00
145.00,43.00,83.00,97.00
143.00,41.00,83.00,97.00
140.00,39.00,83.00,97.00
137.00,38.00,83.00,97.00
136.00,37.00,83.00,97.00
132.00,37.00,83.00,97.00
131.00,38.00,83.00,97.00
131.00,40.00,83.00,97.00
132.00,41.00,83.00,97.00
136.00,41.00,83.00,97.00
140.00,41.00,83.00,97.00
145.00,41.00,83.00,97.00
150.00,41.00,83.00,97.00
155.00,40.00,83.00,97.00
157.00,39.00,83.00,97.00
160.00,37.00,83.00,97.00
162.00,38.00,83.00,97.00
163.00,40.00,83.00,97.00
163.00,44.00,83.00,97.00
162.00,48.00,83.00,97.00
160.00,51.00,83.00,97.00
158.00,53.00,83.00,97.00
157.00,54.00,83.00,97.00
154.00,54.00,83.00,97.00
149.00,50.00,83.00,97.00
149.00,46.00,83.00,97.00
144.00,44.00,83.00,97.00
142.00,45.00,83.00,97.00
137.00,48.00,83.00,97.00
134.00,50.00,83.00,97.00
133.00,50.00,83.00,97.00
132.00,48.00,83.00,97.00
130.00,48.00,83.00,97.00
130.00,47.00,83.00,97.00
128.00,47.00,83.00,97.00
125.00,47.00,83.00,97.00
123.00,46.00,83.00,97.00
121.00,46.00,83.00,97.00
118.00,44.00,83.00,97.00
