0.00941581
0.01249860
0.01064610
0.01010573
0.01057635
0.01000585
0.00997050
0.00994046
0.00995485
0.00987300
0.00993347
0.00991947
0.00995884
0.00988277
0.01006539
0.00989008
0.00998027
0.00988371
0.00993913
0.01000115
0.00995459
0.00989046
0.00993141
0.00985767
0.00992427
0.00985915
0.00992909
0.00986253
0.00992801
0.00992919
0.00994874
0.00986220
0.00991925
0.00986063
0.00991741
0.00991295
0.00993191
0.00986032
0.00990883
0.00992818
0.00993985
0.00986653
0.00992847
0.00987471
0.01038131
0.00987271
0.00998952
0.00987431
0.00997241
0.00987124
0.00991393
0.00990684
0.00999298
0.00987498
0.00996198
0.00987787
0.00993301
0.00986540
0.00000000
0.00000000
0.00000000
0.00000000
0.00281810
0.00487145
0.00506797
0.00517662
0.00499380
0.00515400
0.00499462
0.00519338
0.00514649
0.00601279
0.00508644
0.00516769
0.00498999
0.00515216
0.00502301
0.00522999
0.00501518
0.00595948
0.00507688
0.00516412
0.00500358
0.00516395
0.00499618
0.00516315
0.00498976
0.00515750
0.00499609
0.00517133
0.00499413
0.00516496
0.00577946
0.00576351
0.00554774
0.00620657
0.00523315
0.00532588
0.00000000
0.00000000
0.00000000
0.00000000
0.00186065
0.00193328
0.00173929
0.00170567
0.00167012
0.00209773
0.00160786
0.00164997
0.00153784
0.00155110
0.00159977
0.00191800
0.00163562
0.00162763
0.00165593
0.00163247
0.00161496
0.00180886
0.00161936
0.00159446
0.00159655
0.00160480
0.00157127
0.00180405
0.00162940
0.00162848
0.00157514
0.00156898
0.00156014
0.00159864
0.00159592
0.00157658
0.00157330
0.00156536
0.00155919
0.00157133
0.00155928
0.00156745
0.00156646
0.00156653
0.00156063
0.00157099
0.00155961
0.00157040
0.00156427
0.00156233
0.00155815
0.00157169
0.00157176
0.00152577
0.00152526
0.00152576
0.00152449
0.00154185
0.00152054
0.00153017
0.00152945
0.00191047
0.00154442
0.00158061
0.00152131
0.00153074
0.00153163
0.00152916
0.00152351
0.00153737
0.00152078
0.00202465
0.00289846
0.00266095
0.00280418
0.00277399
0.00273297
0.00000000
0.00000000
0.00000000
0.00000000
0.00305867
0.00559296
0.00580690
0.00573237
0.00583358
0.00572895
0.00590986
0.00553833
0.00540368
0.00601069
0.00545923
0.00558869
0.00574119
0.00558402
0.00000000
0.00000000
0.00000000
0.00000000
0.00233117
0.00481626
0.00406323
0.00400450
0.00513496
0.00402194
0.00395915
0.00423184
0.00424299
0.00388290
0.00424568
0.00401414
0.00427599
0.00378317
0.00414446
0.00389668
0.00380557
0.00394434
0.00383915
0.00393636
0.00433225
0.00409605
