0.00125589
0.00143769
0.00119420
0.00144023
0.00162661
0.00144668
0.00117340
0.00102352
0.00089844
0.00093128
0.00095149
0.00089206
0.00094474
0.00089183
0.00094920
0.00089457
0.00099761
0.00089458
0.00092816
0.00109503
0.00089421
0.00094570
0.00088905
0.00088985
0.00089059
0.00089193
0.00089107
0.00089073
0.00088757
0.00088985
0.00089544
0.00089003
0.00093526
0.00089006
0.00089405
0.00089031
0.00089039
0.00088977
0.00089041
0.00089248
0.00089075
0.00090279
0.00089274
0.00089782
0.00089209
0.00091458
0.00089261
0.00089135
0.00088976
0.00089223
0.00088955
0.00089074
0.00088785
0.00089281
0.00089295
0.00088993
0.00089678
0.00089172
0.00090443
0.00089203
0.00089661
0.00089005
0.00088909
0.00089165
0.00089255
0.00089094
0.00089034
0.00089682
0.00088772
0.00089718
0.00093294
0.00089973
0.00089229
0.00089176
0.00088892
0.00089186
0.00091097
0.00089363
0.00088854
0.00088954
0.00089320
0.00089177
0.00089610
0.00089174
0.00089979
0.00089323
0.00089312
0.00089053
0.00089217
0.00089829
0.00088912
0.00089175
0.00088977
0.00089878
0.00089158
0.00090451
0.00089073
0.00093590
0.00089018
0.00089139
0.00089606
0.00089092
0.00088960
0.00089164
0.00089008
0.00089081
0.00089146
0.00089275
0.00098596
0.00090083
0.00092266
0.00089679
0.00089577
0.00089186
0.00089739
0.00090223
0.00089380
0.00089938
0.00089185
0.00089904
0.00089220
0.00089503
0.00089182
0.00089402
0.00089006
0.00089210
0.00091322
0.00089209
0.00089795
0.00089520
0.00090018
0.00089078
0.00089580
0.00089170
0.00091219
0.00089507
0.00089161
0.00089010
0.00089101
0.00089543
0.00088948
0.00089872
0.00088867
0.00094044
0.00088981
0.00088997
0.00088781
0.00089512
0.00089044
0.00089600
0.00089127
0.00089309
0.00089735
0.00089358
0.00089843
0.00089353
0.00089146
0.00089385
0.00089086
0.00089241
0.00089100
0.00089101
0.00089291
0.00089698
0.00089007
0.00089727
0.00089043
0.00089173
0.00088919
0.00089081
0.00088730
0.00089107
0.00088851
0.00089049
0.00089377
0.00089085
0.00089431
0.00089068
0.00091269
0.00089169
0.00089220
0.00089191
0.00089290
0.00089157
0.00089098
0.00089084
0.00088894
0.00089533
0.00088913
0.00089575
0.00088595
0.00088889
0.00089936
0.00089279
0.00088841
0.00088886
0.00088747
0.00089144
0.00118688
0.00089334
0.00088982
0.00088915
0.00089021
0.00092458
0.00089241
0.00089288
0.00088888
0.00089550
0.00100378
0.00089785
0.00089036
0.00089390
0.00089099
0.00089187
0.00091532
0.00089860
0.00089702
0.00089207
0.00090623
0.00089294
0.00089282
0.00089090
0.00089238
0.00089067
0.00089342
0.00088955
0.00089027
0.00089661
0.00088866
0.00089746
0.00089049
0.00089356
0.00089071
0.00089035
0.00088836
0.00089198
0.00088953
0.00089088
0.00089348
0.00088744
0.00089671
0.00088823
0.00088994
0.00088871
0.00089181
0.00089008
0.00088921
0.00089403
0.00088863
0.00089201
0.00088688
0.00089505
0.00088970
0.00089136
0.00088843
0.00088953
0.00088895
0.00088868
0.00088848
0.00088814
0.00090178
0.00089024
0.00089658
0.00089019
0.00089520
0.00088889
0.00089209
0.00088929
0.00088886
0.00088886
0.00088962
